Mating : rank
Crossover : uniform
Mutation : bit
Fitness
[76.74418605 81.39534884 79.06976744 76.74418605 76.74418605 76.74418605
 76.74418605 72.09302326 76.74418605 79.06976744]
81.3953488372093
Best fitness so far :  81.3953488372093
Parents
[[1. 0. 1. ... 1. 1. 0.]
 [0. 0. 0. ... 0. 1. 1.]]
Crossover
[[0. 0. 0. ... 1. 1. 1.]
 [0. 0. 1. ... 1. 1. 1.]
 [0. 0. 1. ... 0. 1. 1.]
 ...
 [1. 0. 0. ... 1. 1. 1.]
 [0. 0. 0. ... 1. 1. 0.]
 [1. 0. 1. ... 1. 1. 1.]]
Mating : rank
Crossover : uniform
Mutation : bit
Fitness
[76.74418605 79.06976744 76.74418605 74.41860465 74.41860465 72.09302326
 72.09302326 76.74418605 76.74418605 72.09302326]
79.06976744186046
Best fitness so far :  79.06976744186046
Parents
[[0. 1. 1. ... 0. 0. 0.]
 [1. 1. 1. ... 1. 0. 0.]]
Crossover
[[1. 1. 1. ... 0. 0. 0.]
 [1. 1. 1. ... 1. 0. 0.]
 [0. 1. 1. ... 1. 0. 0.]
 ...
 [1. 1. 1. ... 1. 0. 0.]
 [0. 1. 1. ... 1. 0. 0.]
 [0. 1. 1. ... 0. 0. 0.]]
Mutation
[[1. 1. 1. ... 0. 0. 0.]
 [1. 1. 1. ... 1. 0. 0.]
 [0. 1. 1. ... 1. 0. 0.]
 ...
 [1. 1. 1. ... 1. 0. 0.]
 [0. 1. 1. ... 1. 0. 0.]
 [0. 1. 1. ... 0. 0. 0.]]
Fitness
[79.06976744 76.74418605 74.41860465 72.09302326 74.41860465 72.09302326
 74.41860465 72.09302326 72.09302326 69.76744186]
79.06976744186046
Best fitness so far :  79.06976744186046
Parents
[[0. 1. 1. ... 0. 0. 0.]
 [1. 1. 1. ... 1. 0. 0.]]
Crossover
[[1. 1. 1. ... 0. 0. 0.]
 [1. 1. 1. ... 0. 0. 0.]
 [0. 1. 1. ... 1. 0. 0.]
 ...
 [0. 1. 1. ... 1. 0. 0.]
 [1. 1. 1. ... 0. 0. 0.]
 [0. 1. 1. ... 1. 0. 0.]]
Mutation
[[1. 1. 1. ... 0. 1. 0.]
 [1. 1. 1. ... 0. 1. 0.]
 [0. 1. 1. ... 1. 1. 0.]
 ...
 [0. 1. 1. ... 1. 1. 0.]
 [1. 1. 1. ... 0. 1. 0.]
 [0. 1. 1. ... 1. 1. 0.]]
Fitness
[79.06976744 76.74418605 74.41860465 76.74418605 72.09302326 74.41860465
 74.41860465 74.41860465 74.41860465 72.09302326]
79.06976744186046
Best fitness so far :  79.06976744186046
Parents
[[0. 1. 1. ... 0. 0. 0.]
 [1. 1. 1. ... 1. 0. 0.]]
Crossover
[[0. 1. 1. ... 0. 0. 0.]
 [1. 1. 1. ... 1. 0. 0.]
 [1. 1. 1. ... 0. 0. 0.]
 ...
 [0. 1. 1. ... 0. 0. 0.]
 [1. 1. 1. ... 1. 0. 0.]
 [1. 1. 1. ... 0. 0. 0.]]
Mutation
[[0. 1. 1. ... 0. 0. 0.]
 [1. 1. 1. ... 1. 0. 0.]
 [1. 1. 1. ... 0. 0. 0.]
 ...
 [0. 1. 1. ... 0. 0. 0.]
 [1. 1. 1. ... 1. 0. 0.]
 [1. 1. 1. ... 0. 0. 0.]]
Fitness
[79.06976744 76.74418605 74.41860465 74.41860465 74.41860465 72.09302326
 74.41860465 76.74418605 74.41860465 74.41860465]
79.06976744186046
Best fitness so far :  79.06976744186046
Parents
[[0. 1. 1. ... 0. 0. 0.]
 [1. 1. 1. ... 1. 0. 0.]]
Crossover
[[1. 1. 1. ... 1. 0. 0.]
 [0. 1. 1. ... 1. 0. 0.]
 [0. 1. 1. ... 1. 0. 0.]
 ...
 [0. 1. 1. ... 0. 0. 0.]
 [0. 1. 1. ... 0. 0. 0.]
 [0. 1. 1. ... 0. 0. 0.]]
Mutation
[[1. 1. 0. ... 1. 0. 0.]
 [0. 1. 0. ... 1. 0. 0.]
 [0. 1. 0. ... 1. 0. 0.]
 ...
 [0. 1. 0. ... 0. 0. 0.]
 [0. 1. 0. ... 0. 0. 0.]
 [0. 1. 0. ... 0. 0. 0.]]
Fitness
[79.06976744 76.74418605 74.41860465 72.09302326 74.41860465 76.74418605
 74.41860465 76.74418605 74.41860465 79.06976744]
79.06976744186046
Best fitness so far :  79.06976744186046
Parents
[[0. 1. 1. ... 0. 0. 0.]
 [0. 1. 0. ... 0. 0. 0.]]
Crossover
[[0. 1. 0. ... 0. 0. 0.]
 [0. 1. 1. ... 0. 0. 0.]
 [0. 1. 0. ... 0. 0. 0.]
 ...
 [0. 1. 0. ... 0. 0. 0.]
 [0. 1. 0. ... 0. 0. 0.]
 [0. 1. 0. ... 0. 0. 0.]]
Mutation
[[0. 1. 0. ... 0. 0. 0.]
 [0. 1. 1. ... 0. 0. 0.]
 [0. 1. 0. ... 0. 0. 0.]
 ...
 [0. 1. 0. ... 0. 0. 0.]
 [0. 1. 0. ... 0. 0. 0.]
 [0. 1. 0. ... 0. 0. 0.]]
Fitness
[79.06976744 79.06976744 76.74418605 79.06976744 76.74418605 76.74418605
 76.74418605 79.06976744 76.74418605 74.41860465]
79.06976744186046
Best fitness so far :  79.06976744186046
Parents
[[0. 1. 1. ... 0. 0. 0.]
 [0. 1. 0. ... 0. 0. 0.]]
Crossover
[[0. 1. 0. ... 0. 0. 0.]
 [0. 1. 0. ... 0. 0. 0.]
 [0. 1. 0. ... 0. 0. 0.]
 ...
 [0. 1. 0. ... 0. 0. 0.]
 [0. 1. 1. ... 0. 0. 0.]
 [0. 1. 1. ... 0. 0. 0.]]
Mutation
[[0. 1. 0. ... 0. 0. 0.]
 [0. 1. 0. ... 0. 0. 0.]
 [0. 1. 0. ... 0. 0. 0.]
 ...
 [0. 1. 0. ... 0. 0. 0.]
 [0. 1. 1. ... 0. 0. 0.]
 [0. 1. 1. ... 0. 0. 0.]]
Fitness
[79.06976744 79.06976744 76.74418605 74.41860465 72.09302326 74.41860465
 74.41860465 76.74418605 72.09302326 79.06976744]
79.06976744186046
Best fitness so far :  79.06976744186046
Parents
[[0. 1. 1. ... 0. 0. 0.]
 [0. 1. 0. ... 0. 0. 0.]]
Crossover
[[0. 1. 0. ... 0. 0. 0.]
 [0. 1. 1. ... 0. 0. 0.]
 [0. 1. 1. ... 0. 0. 0.]
 ...
 [0. 1. 0. ... 0. 0. 0.]
 [0. 1. 1. ... 0. 0. 0.]
 [0. 1. 0. ... 0. 0. 0.]]
Mutation
[[1. 1. 0. ... 0. 1. 0.]
 [1. 1. 1. ... 0. 1. 0.]
 [1. 1. 1. ... 0. 1. 0.]
 ...
 [1. 1. 0. ... 0. 1. 0.]
 [1. 1. 1. ... 0. 1. 0.]
 [1. 1. 0. ... 0. 1. 0.]]
Fitness
[79.06976744 79.06976744 79.06976744 74.41860465 76.74418605 79.06976744
 76.74418605 74.41860465 76.74418605 69.76744186]
79.06976744186046
Best fitness so far :  79.06976744186046
Parents
[[0. 1. 1. ... 0. 0. 0.]
 [0. 1. 0. ... 0. 0. 0.]]
Crossover
[[0. 1. 1. ... 0. 0. 0.]
 [0. 1. 0. ... 0. 0. 0.]
 [0. 1. 1. ... 0. 0. 0.]
 ...
 [0. 1. 1. ... 0. 0. 0.]
 [0. 1. 1. ... 0. 0. 0.]
 [0. 1. 1. ... 0. 0. 0.]]
Mutation
[[1. 1. 1. ... 0. 0. 0.]
 [1. 1. 0. ... 0. 0. 0.]
 [1. 1. 1. ... 0. 0. 0.]
 ...
 [1. 1. 1. ... 0. 0. 0.]
 [1. 1. 1. ... 0. 0. 0.]
 [1. 1. 1. ... 0. 0. 0.]]
Fitness
[79.06976744 79.06976744 79.06976744 74.41860465 79.06976744 79.06976744
 76.74418605 79.06976744 76.74418605 76.74418605]
79.06976744186046
Best fitness so far :  79.06976744186046
Parents
[[0. 1. 1. ... 0. 0. 0.]
 [0. 1. 0. ... 0. 0. 0.]]
Crossover
[[0. 1. 1. ... 0. 0. 0.]
 [0. 1. 0. ... 0. 0. 0.]
 [0. 1. 0. ... 0. 0. 0.]
 ...
 [0. 1. 1. ... 0. 0. 0.]
 [0. 1. 1. ... 0. 0. 0.]
 [0. 1. 0. ... 0. 0. 0.]]
Mutation
[[0. 1. 1. ... 0. 0. 0.]
 [0. 1. 0. ... 0. 0. 0.]
 [0. 1. 0. ... 0. 0. 0.]
 ...
 [0. 1. 1. ... 0. 0. 0.]
 [0. 1. 1. ... 0. 0. 0.]
 [0. 1. 0. ... 0. 0. 0.]]
Fitness
[79.06976744 79.06976744 76.74418605 74.41860465 76.74418605 74.41860465
 76.74418605 76.74418605 74.41860465 74.41860465]
79.06976744186046
Best fitness so far :  79.06976744186046
Parents
[[0. 1. 1. ... 0. 0. 0.]
 [0. 1. 0. ... 0. 0. 0.]]
Crossover
[[0. 1. 0. ... 0. 0. 0.]
 [0. 1. 1. ... 0. 0. 0.]
 [0. 1. 0. ... 0. 0. 0.]
 ...
 [0. 1. 1. ... 0. 0. 0.]
 [0. 1. 0. ... 0. 0. 0.]
 [0. 1. 0. ... 0. 0. 0.]]
Mutation
[[0. 1. 0. ... 0. 0. 0.]
 [0. 1. 1. ... 0. 0. 0.]
 [0. 1. 0. ... 0. 0. 0.]
 ...
 [0. 1. 1. ... 0. 0. 0.]
 [0. 1. 0. ... 0. 0. 0.]
 [0. 1. 0. ... 0. 0. 0.]]
Fitness
[79.06976744 79.06976744 74.41860465 76.74418605 79.06976744 74.41860465
 76.74418605 74.41860465 76.74418605 79.06976744]
79.06976744186046
Best fitness so far :  79.06976744186046
Parents
[[0. 1. 1. ... 0. 0. 0.]
 [0. 1. 0. ... 0. 0. 0.]]
Crossover
[[0. 1. 0. ... 0. 0. 0.]
 [0. 1. 0. ... 0. 0. 0.]
 [0. 1. 1. ... 0. 0. 0.]
 ...
 [0. 1. 1. ... 0. 0. 0.]
 [0. 1. 1. ... 0. 0. 0.]
 [0. 1. 0. ... 0. 0. 0.]]
Mutation
[[0. 1. 0. ... 0. 0. 0.]
 [0. 1. 0. ... 0. 0. 0.]
 [0. 1. 1. ... 0. 0. 0.]
 ...
 [0. 1. 1. ... 0. 0. 0.]
 [0. 1. 1. ... 0. 0. 0.]
 [0. 1. 0. ... 0. 0. 0.]]
Fitness
[79.06976744 79.06976744 79.06976744 79.06976744 76.74418605 72.09302326
 72.09302326 76.74418605 79.06976744 76.74418605]
79.06976744186046
Best fitness so far :  79.06976744186046
Parents
[[0. 1. 1. ... 0. 0. 0.]
 [0. 1. 0. ... 0. 0. 0.]]
Crossover
[[0. 1. 1. ... 0. 0. 0.]
 [0. 1. 1. ... 0. 0. 0.]
 [0. 1. 1. ... 0. 0. 0.]
 ...
 [0. 1. 0. ... 0. 0. 0.]
 [0. 1. 0. ... 0. 0. 0.]
 [0. 1. 0. ... 0. 0. 0.]]
Mutation
[[0. 0. 1. ... 0. 0. 0.]
 [0. 0. 1. ... 0. 0. 0.]
 [0. 0. 1. ... 0. 0. 0.]
 ...
 [0. 0. 0. ... 0. 0. 0.]
 [0. 0. 0. ... 0. 0. 0.]
 [0. 0. 0. ... 0. 0. 0.]]
Fitness
[79.06976744 79.06976744 79.06976744 76.74418605 79.06976744 76.74418605
 79.06976744 76.74418605 76.74418605 76.74418605]
79.06976744186046
Best fitness so far :  79.06976744186046
Parents
[[0. 1. 1. ... 0. 0. 0.]
 [0. 1. 0. ... 0. 0. 0.]]
Crossover
[[0. 1. 1. ... 0. 0. 0.]
 [0. 1. 1. ... 0. 0. 0.]
 [0. 1. 1. ... 0. 0. 0.]
 ...
 [0. 1. 1. ... 0. 0. 0.]
 [0. 1. 0. ... 0. 0. 0.]
 [0. 1. 0. ... 0. 0. 0.]]
Mutation
[[0. 1. 0. ... 0. 1. 0.]
 [0. 1. 0. ... 0. 1. 0.]
 [0. 1. 0. ... 0. 1. 0.]
 ...
 [0. 1. 0. ... 0. 1. 0.]
 [0. 1. 1. ... 0. 1. 0.]
 [0. 1. 1. ... 0. 1. 0.]]
Fitness
[79.06976744 79.06976744 76.74418605 76.74418605 79.06976744 74.41860465
 74.41860465 76.74418605 79.06976744 79.06976744]
79.06976744186046
Best fitness so far :  79.06976744186046
Parents
[[0. 1. 1. ... 0. 0. 0.]
 [0. 1. 0. ... 0. 0. 0.]]
Crossover
[[0. 1. 1. ... 0. 0. 0.]
 [0. 1. 0. ... 0. 0. 0.]
 [0. 1. 1. ... 0. 0. 0.]
 ...
 [0. 1. 1. ... 0. 0. 0.]
 [0. 1. 1. ... 0. 0. 0.]
 [0. 1. 1. ... 0. 0. 0.]]
Mutation
[[0. 1. 0. ... 0. 0. 0.]
 [0. 1. 1. ... 0. 0. 0.]
 [0. 1. 0. ... 0. 0. 0.]
 ...
 [0. 1. 0. ... 0. 0. 0.]
 [0. 1. 0. ... 0. 0. 0.]
 [0. 1. 0. ... 0. 0. 0.]]
Fitness
[79.06976744 79.06976744 79.06976744 74.41860465 72.09302326 76.74418605
 79.06976744 76.74418605 72.09302326 76.74418605]
79.06976744186046
Best fitness so far :  79.06976744186046
Parents
[[0. 1. 1. ... 0. 0. 0.]
 [0. 1. 0. ... 0. 0. 0.]]
Crossover
[[0. 1. 1. ... 0. 0. 0.]
 [0. 1. 1. ... 0. 0. 0.]
 [0. 1. 0. ... 0. 0. 0.]
 ...
 [0. 1. 1. ... 0. 0. 0.]
 [0. 1. 0. ... 0. 0. 0.]
 [0. 1. 0. ... 0. 0. 0.]]
Mutation
[[0. 1. 0. ... 1. 0. 0.]
 [0. 1. 0. ... 1. 0. 0.]
 [0. 1. 1. ... 1. 0. 0.]
 ...
 [0. 1. 0. ... 1. 0. 0.]
 [0. 1. 1. ... 1. 0. 0.]
 [0. 1. 1. ... 1. 0. 0.]]
Fitness
[79.06976744 79.06976744 72.09302326 76.74418605 74.41860465 76.74418605
 74.41860465 76.74418605 74.41860465 74.41860465]
79.06976744186046
Best fitness so far :  79.06976744186046
Parents
[[0. 1. 1. ... 0. 0. 0.]
 [0. 1. 0. ... 0. 0. 0.]]
Crossover
[[0. 1. 1. ... 0. 0. 0.]
 [0. 1. 0. ... 0. 0. 0.]
 [0. 1. 0. ... 0. 0. 0.]
 ...
 [0. 1. 0. ... 0. 0. 0.]
 [0. 1. 1. ... 0. 0. 0.]
 [0. 1. 0. ... 0. 0. 0.]]
Mutation
[[1. 1. 0. ... 0. 0. 0.]
 [1. 1. 1. ... 0. 0. 0.]
 [1. 1. 1. ... 0. 0. 0.]
 ...
 [1. 1. 1. ... 0. 0. 0.]
 [1. 1. 0. ... 0. 0. 0.]
 [1. 1. 1. ... 0. 0. 0.]]
Fitness
[79.06976744 79.06976744 74.41860465 79.06976744 76.74418605 76.74418605
 76.74418605 79.06976744 76.74418605 74.41860465]
79.06976744186046
Best fitness so far :  79.06976744186046
Parents
[[0. 1. 1. ... 0. 0. 0.]
 [0. 1. 0. ... 0. 0. 0.]]
Crossover
[[0. 1. 0. ... 0. 0. 0.]
 [0. 1. 0. ... 0. 0. 0.]
 [0. 1. 1. ... 0. 0. 0.]
 ...
 [0. 1. 0. ... 0. 0. 0.]
 [0. 1. 1. ... 0. 0. 0.]
 [0. 1. 0. ... 0. 0. 0.]]
Mutation
[[0. 1. 0. ... 0. 0. 0.]
 [0. 1. 0. ... 0. 0. 0.]
 [0. 1. 1. ... 0. 0. 0.]
 ...
 [0. 1. 0. ... 0. 0. 0.]
 [0. 1. 1. ... 0. 0. 0.]
 [0. 1. 0. ... 0. 0. 0.]]
Fitness
[79.06976744 79.06976744 74.41860465 76.74418605 79.06976744 76.74418605
 76.74418605 79.06976744 76.74418605 74.41860465]
79.06976744186046
Best fitness so far :  79.06976744186046
Parents
[[0. 1. 1. ... 0. 0. 0.]
 [0. 1. 0. ... 0. 0. 0.]]
Crossover
[[0. 1. 0. ... 0. 0. 0.]
 [0. 1. 0. ... 0. 0. 0.]
 [0. 1. 0. ... 0. 0. 0.]
 ...
 [0. 1. 1. ... 0. 0. 0.]
 [0. 1. 0. ... 0. 0. 0.]
 [0. 1. 0. ... 0. 0. 0.]]
Mutation
[[0. 1. 0. ... 0. 0. 0.]
 [0. 1. 0. ... 0. 0. 0.]
 [0. 1. 0. ... 0. 0. 0.]
 ...
 [0. 1. 1. ... 0. 0. 0.]
 [0. 1. 0. ... 0. 0. 0.]
 [0. 1. 0. ... 0. 0. 0.]]
Fitness
[79.06976744 79.06976744 79.06976744 74.41860465 79.06976744 76.74418605
 79.06976744 79.06976744 79.06976744 79.06976744]
79.06976744186046
Best fitness so far :  79.06976744186046
Parents
[[0. 1. 1. ... 0. 0. 0.]
 [0. 1. 0. ... 0. 0. 0.]]
Crossover
[[0. 1. 0. ... 0. 0. 0.]
 [0. 1. 1. ... 0. 0. 0.]
 [0. 1. 0. ... 0. 0. 0.]
 ...
 [0. 1. 1. ... 0. 0. 0.]
 [0. 1. 1. ... 0. 0. 0.]
 [0. 1. 1. ... 0. 0. 0.]]
Mutation
[[0. 1. 0. ... 0. 0. 0.]
 [0. 1. 1. ... 0. 0. 0.]
 [0. 1. 0. ... 0. 0. 0.]
 ...
 [0. 1. 1. ... 0. 0. 0.]
 [0. 1. 1. ... 0. 0. 0.]
 [0. 1. 1. ... 0. 0. 0.]]
Fitness
[79.06976744 79.06976744 76.74418605 74.41860465 74.41860465 74.41860465
 76.74418605 72.09302326 76.74418605 72.09302326]
79.06976744186046
Best fitness so far :  79.06976744186046
Parents
[[0. 1. 1. ... 0. 0. 0.]
 [0. 1. 0. ... 0. 0. 0.]]
Crossover
[[0. 1. 1. ... 0. 0. 0.]
 [0. 1. 0. ... 0. 0. 0.]
 [0. 1. 1. ... 0. 0. 0.]
 ...
 [0. 1. 0. ... 0. 0. 0.]
 [0. 1. 0. ... 0. 0. 0.]
 [0. 1. 0. ... 0. 0. 0.]]
Mutation
[[0. 1. 1. ... 0. 0. 0.]
 [0. 1. 0. ... 0. 0. 0.]
 [0. 1. 1. ... 0. 0. 0.]
 ...
 [0. 1. 0. ... 0. 0. 0.]
 [0. 1. 0. ... 0. 0. 0.]
 [0. 1. 0. ... 0. 0. 0.]]
Fitness
[79.06976744 79.06976744 74.41860465 76.74418605 74.41860465 74.41860465
 74.41860465 74.41860465 74.41860465 79.06976744]
79.06976744186046
Best fitness so far :  79.06976744186046
Parents
[[0. 1. 1. ... 0. 0. 0.]
 [0. 1. 0. ... 0. 0. 0.]]
Crossover
[[0. 1. 0. ... 0. 0. 0.]
 [0. 1. 0. ... 0. 0. 0.]
 [0. 1. 1. ... 0. 0. 0.]
 ...
 [0. 1. 1. ... 0. 0. 0.]
 [0. 1. 1. ... 0. 0. 0.]
 [0. 1. 0. ... 0. 0. 0.]]
Mutation
[[0. 1. 0. ... 0. 0. 1.]
 [0. 1. 0. ... 0. 0. 1.]
 [0. 1. 1. ... 0. 0. 1.]
 ...
 [0. 1. 1. ... 0. 0. 1.]
 [0. 1. 1. ... 0. 0. 1.]
 [0. 1. 0. ... 0. 0. 1.]]
Fitness
[79.06976744 79.06976744 79.06976744 79.06976744 79.06976744 79.06976744
 76.74418605 79.06976744 76.74418605 79.06976744]
79.06976744186046
Best fitness so far :  79.06976744186046
Parents
[[0. 1. 1. ... 0. 0. 0.]
 [0. 1. 0. ... 0. 0. 0.]]
Crossover
[[0. 1. 0. ... 0. 0. 0.]
 [0. 1. 1. ... 0. 0. 0.]
 [0. 1. 0. ... 0. 0. 0.]
 ...
 [0. 1. 0. ... 0. 0. 0.]
 [0. 1. 1. ... 0. 0. 0.]
 [0. 1. 1. ... 0. 0. 0.]]
Mutation
[[0. 1. 0. ... 0. 0. 0.]
 [0. 1. 1. ... 0. 0. 0.]
 [0. 1. 0. ... 0. 0. 0.]
 ...
 [0. 1. 0. ... 0. 0. 0.]
 [0. 1. 1. ... 0. 0. 0.]
 [0. 1. 1. ... 0. 0. 0.]]
Fitness
[79.06976744 79.06976744 74.41860465 76.74418605 76.74418605 76.74418605
 74.41860465 76.74418605 74.41860465 76.74418605]
79.06976744186046
Best fitness so far :  79.06976744186046
Parents
[[0. 1. 1. ... 0. 0. 0.]
 [0. 1. 0. ... 0. 0. 0.]]
Crossover
[[0. 1. 1. ... 0. 0. 0.]
 [0. 1. 1. ... 0. 0. 0.]
 [0. 1. 0. ... 0. 0. 0.]
 ...
 [0. 1. 1. ... 0. 0. 0.]
 [0. 1. 1. ... 0. 0. 0.]
 [0. 1. 0. ... 0. 0. 0.]]
Mutation
[[0. 0. 1. ... 0. 1. 0.]
 [0. 0. 1. ... 0. 1. 0.]
 [0. 0. 0. ... 0. 1. 0.]
 ...
 [0. 0. 1. ... 0. 1. 0.]
 [0. 0. 1. ... 0. 1. 0.]
 [0. 0. 0. ... 0. 1. 0.]]
Fitness
[79.06976744 79.06976744 76.74418605 74.41860465 74.41860465 79.06976744
 76.74418605 79.06976744 79.06976744 79.06976744]
79.06976744186046
Best fitness so far :  79.06976744186046
Parents
[[0. 1. 1. ... 0. 0. 0.]
 [0. 1. 0. ... 0. 0. 0.]]
Crossover
[[0. 1. 0. ... 0. 0. 0.]
 [0. 1. 0. ... 0. 0. 0.]
 [0. 1. 1. ... 0. 0. 0.]
 ...
 [0. 1. 1. ... 0. 0. 0.]
 [0. 1. 0. ... 0. 0. 0.]
 [0. 1. 0. ... 0. 0. 0.]]
Mutation
[[0. 1. 0. ... 1. 0. 0.]
 [0. 1. 0. ... 1. 0. 0.]
 [0. 1. 1. ... 1. 0. 0.]
 ...
 [0. 1. 1. ... 1. 0. 0.]
 [0. 1. 0. ... 1. 0. 0.]
 [0. 1. 0. ... 1. 0. 0.]]
Fitness
[79.06976744 79.06976744 74.41860465 76.74418605 76.74418605 74.41860465
 74.41860465 76.74418605 74.41860465 76.74418605]
79.06976744186046
Best fitness so far :  79.06976744186046
Parents
[[0. 1. 1. ... 0. 0. 0.]
 [0. 1. 0. ... 0. 0. 0.]]
Crossover
[[0. 1. 0. ... 0. 0. 0.]
 [0. 1. 1. ... 0. 0. 0.]
 [0. 1. 1. ... 0. 0. 0.]
 ...
 [0. 1. 1. ... 0. 0. 0.]
 [0. 1. 1. ... 0. 0. 0.]
 [0. 1. 0. ... 0. 0. 0.]]
Mutation
[[0. 1. 0. ... 0. 1. 0.]
 [0. 1. 1. ... 0. 1. 0.]
 [0. 1. 1. ... 0. 1. 0.]
 ...
 [0. 1. 1. ... 0. 1. 0.]
 [0. 1. 1. ... 0. 1. 0.]
 [0. 1. 0. ... 0. 1. 0.]]
Fitness
[79.06976744 79.06976744 79.06976744 79.06976744 79.06976744 74.41860465
 76.74418605 76.74418605 79.06976744 74.41860465]
79.06976744186046
Best fitness so far :  79.06976744186046
Parents
[[0. 1. 1. ... 0. 0. 0.]
 [0. 1. 0. ... 0. 0. 0.]]
Crossover
[[0. 1. 0. ... 0. 0. 0.]
 [0. 1. 0. ... 0. 0. 0.]
 [0. 1. 1. ... 0. 0. 0.]
 ...
 [0. 1. 0. ... 0. 0. 0.]
 [0. 1. 1. ... 0. 0. 0.]
 [0. 1. 1. ... 0. 0. 0.]]
Mutation
[[0. 1. 0. ... 0. 0. 0.]
 [0. 1. 0. ... 0. 0. 0.]
 [0. 1. 1. ... 0. 0. 0.]
 ...
 [0. 1. 0. ... 0. 0. 0.]
 [0. 1. 1. ... 0. 0. 0.]
 [0. 1. 1. ... 0. 0. 0.]]
Fitness
[79.06976744 79.06976744 76.74418605 74.41860465 74.41860465 76.74418605
 74.41860465 74.41860465 72.09302326 74.41860465]
79.06976744186046
Best fitness so far :  79.06976744186046
Parents
[[0. 1. 1. ... 0. 0. 0.]
 [0. 1. 0. ... 0. 0. 0.]]
Crossover
[[0. 1. 1. ... 0. 0. 0.]
 [0. 1. 0. ... 0. 0. 0.]
 [0. 1. 0. ... 0. 0. 0.]
 ...
 [0. 1. 1. ... 0. 0. 0.]
 [0. 1. 0. ... 0. 0. 0.]
 [0. 1. 0. ... 0. 0. 0.]]
Mutation
[[0. 1. 1. ... 0. 0. 1.]
 [0. 1. 0. ... 0. 0. 1.]
 [0. 1. 0. ... 0. 0. 1.]
 ...
 [0. 1. 1. ... 0. 0. 1.]
 [0. 1. 0. ... 0. 0. 1.]
 [0. 1. 0. ... 0. 0. 1.]]
Fitness
[79.06976744 79.06976744 79.06976744 74.41860465 76.74418605 79.06976744
 79.06976744 76.74418605 79.06976744 76.74418605]
79.06976744186046
Best fitness so far :  79.06976744186046
Parents
[[0. 1. 1. ... 0. 0. 0.]
 [0. 1. 0. ... 0. 0. 0.]]
Crossover
[[0. 1. 1. ... 0. 0. 0.]
 [0. 1. 0. ... 0. 0. 0.]
 [0. 1. 0. ... 0. 0. 0.]
 ...
 [0. 1. 1. ... 0. 0. 0.]
 [0. 1. 1. ... 0. 0. 0.]
 [0. 1. 1. ... 0. 0. 0.]]
Mutation
[[0. 1. 1. ... 0. 1. 0.]
 [0. 1. 0. ... 0. 1. 0.]
 [0. 1. 0. ... 0. 1. 0.]
 ...
 [0. 1. 1. ... 0. 1. 0.]
 [0. 1. 1. ... 0. 1. 0.]
 [0. 1. 1. ... 0. 1. 0.]]
Fitness
[79.06976744 79.06976744 79.06976744 79.06976744 74.41860465 79.06976744
 76.74418605 76.74418605 79.06976744 79.06976744]
79.06976744186046
Best fitness so far :  79.06976744186046
Parents
[[0. 1. 1. ... 0. 0. 0.]
 [0. 1. 0. ... 0. 0. 0.]]
Crossover
[[0. 1. 1. ... 0. 0. 0.]
 [0. 1. 0. ... 0. 0. 0.]
 [0. 1. 0. ... 0. 0. 0.]
 ...
 [0. 1. 0. ... 0. 0. 0.]
 [0. 1. 0. ... 0. 0. 0.]
 [0. 1. 0. ... 0. 0. 0.]]
Mutation
[[0. 1. 1. ... 0. 0. 0.]
 [0. 1. 0. ... 0. 0. 0.]
 [0. 1. 0. ... 0. 0. 0.]
 ...
 [0. 1. 0. ... 0. 0. 0.]
 [0. 1. 0. ... 0. 0. 0.]
 [0. 1. 0. ... 0. 0. 0.]]
Fitness
[79.06976744 79.06976744 76.74418605 79.06976744 74.41860465 76.74418605
 79.06976744 79.06976744 79.06976744 74.41860465]
79.06976744186046
Best fitness so far :  79.06976744186046
Parents
[[0. 1. 1. ... 0. 0. 0.]
 [0. 1. 0. ... 0. 0. 0.]]
Crossover
[[0. 1. 0. ... 0. 0. 0.]
 [0. 1. 0. ... 0. 0. 0.]
 [0. 1. 0. ... 0. 0. 0.]
 ...
 [0. 1. 0. ... 0. 0. 0.]
 [0. 1. 0. ... 0. 0. 0.]
 [0. 1. 1. ... 0. 0. 0.]]
Mutation
[[0. 1. 0. ... 0. 0. 0.]
 [0. 1. 0. ... 0. 0. 0.]
 [0. 1. 0. ... 0. 0. 0.]
 ...
 [0. 1. 0. ... 0. 0. 0.]
 [0. 1. 0. ... 0. 0. 0.]
 [0. 1. 1. ... 0. 0. 0.]]
Fitness
[79.06976744 79.06976744 79.06976744 76.74418605 76.74418605 76.74418605
 76.74418605 76.74418605 79.06976744 79.06976744]
79.06976744186046
Best fitness so far :  79.06976744186046
Parents
[[0. 1. 1. ... 0. 0. 0.]
 [0. 1. 0. ... 0. 0. 0.]]
Crossover
[[0. 1. 0. ... 0. 0. 0.]
 [0. 1. 0. ... 0. 0. 0.]
 [0. 1. 0. ... 0. 0. 0.]
 ...
 [0. 1. 0. ... 0. 0. 0.]
 [0. 1. 0. ... 0. 0. 0.]
 [0. 1. 0. ... 0. 0. 0.]]
Mutation
[[0. 1. 0. ... 0. 0. 0.]
 [0. 1. 0. ... 0. 0. 0.]
 [0. 1. 0. ... 0. 0. 0.]
 ...
 [0. 1. 0. ... 0. 0. 0.]
 [0. 1. 0. ... 0. 0. 0.]
 [0. 1. 0. ... 0. 0. 0.]]
Fitness
[79.06976744 79.06976744 79.06976744 79.06976744 76.74418605 76.74418605
 76.74418605 79.06976744 72.09302326 76.74418605]
79.06976744186046
Best fitness so far :  79.06976744186046
Parents
[[0. 1. 1. ... 0. 0. 0.]
 [0. 1. 0. ... 0. 0. 0.]]
Crossover
[[0. 1. 0. ... 0. 0. 0.]
 [0. 1. 1. ... 0. 0. 0.]
 [0. 1. 0. ... 0. 0. 0.]
 ...
 [0. 1. 1. ... 0. 0. 0.]
 [0. 1. 0. ... 0. 0. 0.]
 [0. 1. 0. ... 0. 0. 0.]]
Mutation
[[0. 1. 0. ... 0. 1. 0.]
 [0. 1. 1. ... 0. 1. 0.]
 [0. 1. 0. ... 0. 1. 0.]
 ...
 [0. 1. 1. ... 0. 1. 0.]
 [0. 1. 0. ... 0. 1. 0.]
 [0. 1. 0. ... 0. 1. 0.]]
Fitness
[79.06976744 79.06976744 76.74418605 79.06976744 79.06976744 79.06976744
 76.74418605 76.74418605 79.06976744 76.74418605]
79.06976744186046
Best fitness so far :  79.06976744186046
Parents
[[0. 1. 1. ... 0. 0. 0.]
 [0. 1. 0. ... 0. 0. 0.]]
Crossover
[[0. 1. 0. ... 0. 0. 0.]
 [0. 1. 0. ... 0. 0. 0.]
 [0. 1. 0. ... 0. 0. 0.]
 ...
 [0. 1. 1. ... 0. 0. 0.]
 [0. 1. 1. ... 0. 0. 0.]
 [0. 1. 1. ... 0. 0. 0.]]
Mutation
[[0. 1. 0. ... 0. 0. 0.]
 [0. 1. 0. ... 0. 0. 0.]
 [0. 1. 0. ... 0. 0. 0.]
 ...
 [0. 1. 1. ... 0. 0. 0.]
 [0. 1. 1. ... 0. 0. 0.]
 [0. 1. 1. ... 0. 0. 0.]]
Fitness
[79.06976744 79.06976744 79.06976744 76.74418605 76.74418605 76.74418605
 79.06976744 76.74418605 74.41860465 79.06976744]
79.06976744186046
Best fitness so far :  79.06976744186046
Parents
[[0. 1. 1. ... 0. 0. 0.]
 [0. 1. 0. ... 0. 0. 0.]]
Crossover
[[0. 1. 0. ... 0. 0. 0.]
 [0. 1. 0. ... 0. 0. 0.]
 [0. 1. 0. ... 0. 0. 0.]
 ...
 [0. 1. 1. ... 0. 0. 0.]
 [0. 1. 0. ... 0. 0. 0.]
 [0. 1. 0. ... 0. 0. 0.]]
Mutation
[[0. 1. 0. ... 0. 0. 0.]
 [0. 1. 0. ... 0. 0. 0.]
 [0. 1. 0. ... 0. 0. 0.]
 ...
 [0. 1. 1. ... 0. 0. 0.]
 [0. 1. 0. ... 0. 0. 0.]
 [0. 1. 0. ... 0. 0. 0.]]
Fitness
[79.06976744 79.06976744 76.74418605 79.06976744 74.41860465 79.06976744
 76.74418605 76.74418605 76.74418605 74.41860465]
79.06976744186046
Best fitness so far :  79.06976744186046
Parents
[[0. 1. 1. ... 0. 0. 0.]
 [0. 1. 0. ... 0. 0. 0.]]
Crossover
[[0. 1. 1. ... 0. 0. 0.]
 [0. 1. 1. ... 0. 0. 0.]
 [0. 1. 1. ... 0. 0. 0.]
 ...
 [0. 1. 0. ... 0. 0. 0.]
 [0. 1. 0. ... 0. 0. 0.]
 [0. 1. 1. ... 0. 0. 0.]]
Mutation
[[0. 1. 0. ... 0. 0. 0.]
 [0. 1. 0. ... 0. 0. 0.]
 [0. 1. 0. ... 0. 0. 0.]
 ...
 [0. 1. 1. ... 0. 0. 0.]
 [0. 1. 1. ... 0. 0. 0.]
 [0. 1. 0. ... 0. 0. 0.]]
Fitness
[79.06976744 79.06976744 76.74418605 76.74418605 76.74418605 79.06976744
 76.74418605 79.06976744 79.06976744 74.41860465]
79.06976744186046
Best fitness so far :  79.06976744186046
Parents
[[0. 1. 1. ... 0. 0. 0.]
 [0. 1. 0. ... 0. 0. 0.]]
Crossover
[[0. 1. 1. ... 0. 0. 0.]
 [0. 1. 1. ... 0. 0. 0.]
 [0. 1. 0. ... 0. 0. 0.]
 ...
 [0. 1. 1. ... 0. 0. 0.]
 [0. 1. 1. ... 0. 0. 0.]
 [0. 1. 0. ... 0. 0. 0.]]
Mutation
[[0. 1. 1. ... 0. 0. 0.]
 [0. 1. 1. ... 0. 0. 0.]
 [0. 1. 0. ... 0. 0. 0.]
 ...
 [0. 1. 1. ... 0. 0. 0.]
 [0. 1. 1. ... 0. 0. 0.]
 [0. 1. 0. ... 0. 0. 0.]]
Fitness
[79.06976744 79.06976744 72.09302326 74.41860465 74.41860465 74.41860465
 76.74418605 74.41860465 76.74418605 74.41860465]
79.06976744186046
Best fitness so far :  79.06976744186046
Parents
[[0. 1. 1. ... 0. 0. 0.]
 [0. 1. 0. ... 0. 0. 0.]]
Crossover
[[0. 1. 1. ... 0. 0. 0.]
 [0. 1. 0. ... 0. 0. 0.]
 [0. 1. 1. ... 0. 0. 0.]
 ...
 [0. 1. 1. ... 0. 0. 0.]
 [0. 1. 0. ... 0. 0. 0.]
 [0. 1. 1. ... 0. 0. 0.]]
Mutation
[[0. 1. 1. ... 0. 0. 0.]
 [0. 1. 0. ... 0. 0. 0.]
 [0. 1. 1. ... 0. 0. 0.]
 ...
 [0. 1. 1. ... 0. 0. 0.]
 [0. 1. 0. ... 0. 0. 0.]
 [0. 1. 1. ... 0. 0. 0.]]
Fitness
[79.06976744 79.06976744 79.06976744 74.41860465 74.41860465 76.74418605
 74.41860465 76.74418605 76.74418605 74.41860465]
79.06976744186046
Best fitness so far :  79.06976744186046
Parents
[[0. 1. 1. ... 0. 0. 0.]
 [0. 1. 0. ... 0. 0. 0.]]
Crossover
[[0. 1. 1. ... 0. 0. 0.]
 [0. 1. 0. ... 0. 0. 0.]
 [0. 1. 0. ... 0. 0. 0.]
 ...
 [0. 1. 0. ... 0. 0. 0.]
 [0. 1. 1. ... 0. 0. 0.]
 [0. 1. 0. ... 0. 0. 0.]]
Mutation
[[0. 0. 1. ... 0. 0. 0.]
 [0. 0. 0. ... 0. 0. 0.]
 [0. 0. 0. ... 0. 0. 0.]
 ...
 [0. 0. 0. ... 0. 0. 0.]
 [0. 0. 1. ... 0. 0. 0.]
 [0. 0. 0. ... 0. 0. 0.]]
Fitness
[79.06976744 79.06976744 76.74418605 76.74418605 76.74418605 74.41860465
 79.06976744 79.06976744 79.06976744 79.06976744]
79.06976744186046
Best fitness so far :  79.06976744186046
Parents
[[0. 1. 1. ... 0. 0. 0.]
 [0. 1. 0. ... 0. 0. 0.]]
Crossover
[[0. 1. 0. ... 0. 0. 0.]
 [0. 1. 1. ... 0. 0. 0.]
 [0. 1. 1. ... 0. 0. 0.]
 ...
 [0. 1. 1. ... 0. 0. 0.]
 [0. 1. 1. ... 0. 0. 0.]
 [0. 1. 1. ... 0. 0. 0.]]
Mutation
[[0. 1. 0. ... 0. 0. 0.]
 [0. 1. 1. ... 0. 0. 0.]
 [0. 1. 1. ... 0. 0. 0.]
 ...
 [0. 1. 1. ... 0. 0. 0.]
 [0. 1. 1. ... 0. 0. 0.]
 [0. 1. 1. ... 0. 0. 0.]]
Fitness
[79.06976744 79.06976744 76.74418605 76.74418605 76.74418605 79.06976744
 76.74418605 72.09302326 76.74418605 79.06976744]
79.06976744186046
Best fitness so far :  79.06976744186046
Parents
[[0. 1. 1. ... 0. 0. 0.]
 [0. 1. 0. ... 0. 0. 0.]]
Crossover
[[0. 1. 0. ... 0. 0. 0.]
 [0. 1. 1. ... 0. 0. 0.]
 [0. 1. 1. ... 0. 0. 0.]
 ...
 [0. 1. 1. ... 0. 0. 0.]
 [0. 1. 1. ... 0. 0. 0.]
 [0. 1. 0. ... 0. 0. 0.]]
Mutation
[[0. 1. 0. ... 0. 1. 0.]
 [0. 1. 1. ... 0. 1. 0.]
 [0. 1. 1. ... 0. 1. 0.]
 ...
 [0. 1. 1. ... 0. 1. 0.]
 [0. 1. 1. ... 0. 1. 0.]
 [0. 1. 0. ... 0. 1. 0.]]
Fitness
[79.06976744 79.06976744 76.74418605 83.72093023 76.74418605 76.74418605
 76.74418605 79.06976744 79.06976744 74.41860465]
83.72093023255815
Best fitness so far :  83.72093023255815
Parents
[[0. 1. 1. ... 0. 1. 0.]
 [0. 1. 1. ... 0. 0. 0.]]
Crossover
[[0. 1. 1. ... 0. 0. 0.]
 [0. 1. 1. ... 0. 1. 0.]
 [0. 1. 1. ... 0. 1. 0.]
 ...
 [0. 1. 1. ... 0. 1. 0.]
 [0. 1. 1. ... 0. 1. 0.]
 [0. 1. 1. ... 0. 1. 0.]]
Mutation
[[0. 1. 0. ... 0. 0. 0.]
 [0. 1. 0. ... 0. 1. 0.]
 [0. 1. 0. ... 0. 1. 0.]
 ...
 [0. 1. 0. ... 0. 1. 0.]
 [0. 1. 0. ... 0. 1. 0.]
 [0. 1. 0. ... 0. 1. 0.]]
Fitness
[83.72093023 79.06976744 76.74418605 83.72093023 76.74418605 81.39534884
 74.41860465 81.39534884 83.72093023 79.06976744]
83.72093023255815
Best fitness so far :  83.72093023255815
Parents
[[0. 1. 1. ... 0. 1. 0.]
 [0. 1. 0. ... 0. 1. 0.]]
Crossover
[[0. 1. 1. ... 0. 1. 0.]
 [0. 1. 0. ... 0. 1. 0.]
 [0. 1. 1. ... 0. 1. 0.]
 ...
 [0. 1. 0. ... 0. 1. 0.]
 [0. 1. 1. ... 0. 1. 0.]
 [0. 1. 0. ... 0. 1. 0.]]
Mutation
[[1. 1. 0. ... 0. 1. 0.]
 [1. 1. 1. ... 0. 1. 0.]
 [1. 1. 0. ... 0. 1. 0.]
 ...
 [1. 1. 1. ... 0. 1. 0.]
 [1. 1. 0. ... 0. 1. 0.]
 [1. 1. 1. ... 0. 1. 0.]]
Fitness
[83.72093023 83.72093023 81.39534884 76.74418605 83.72093023 81.39534884
 79.06976744 76.74418605 81.39534884 79.06976744]
83.72093023255815
Best fitness so far :  83.72093023255815
Parents
[[0. 1. 1. ... 0. 1. 0.]
 [0. 1. 0. ... 0. 1. 0.]]
Crossover
[[0. 1. 0. ... 0. 1. 0.]
 [0. 1. 1. ... 0. 1. 0.]
 [0. 1. 0. ... 0. 1. 0.]
 ...
 [0. 1. 1. ... 0. 1. 0.]
 [0. 1. 1. ... 0. 1. 0.]
 [0. 1. 0. ... 0. 1. 0.]]
Mutation
[[0. 1. 0. ... 0. 1. 0.]
 [0. 1. 1. ... 0. 1. 0.]
 [0. 1. 0. ... 0. 1. 0.]
 ...
 [0. 1. 1. ... 0. 1. 0.]
 [0. 1. 1. ... 0. 1. 0.]
 [0. 1. 0. ... 0. 1. 0.]]
Fitness
[83.72093023 83.72093023 81.39534884 79.06976744 79.06976744 79.06976744
 79.06976744 81.39534884 81.39534884 79.06976744]
83.72093023255815
Best fitness so far :  83.72093023255815
Parents
[[0. 1. 1. ... 0. 1. 0.]
 [0. 1. 0. ... 0. 1. 0.]]
Crossover
[[0. 1. 0. ... 0. 1. 0.]
 [0. 1. 1. ... 0. 1. 0.]
 [0. 1. 0. ... 0. 1. 0.]
 ...
 [0. 1. 0. ... 0. 1. 0.]
 [0. 1. 1. ... 0. 1. 0.]
 [0. 1. 0. ... 0. 1. 0.]]
Mutation
[[0. 0. 1. ... 1. 1. 0.]
 [0. 0. 0. ... 1. 1. 0.]
 [0. 0. 1. ... 1. 1. 0.]
 ...
 [0. 0. 1. ... 1. 1. 0.]
 [0. 0. 0. ... 1. 1. 0.]
 [0. 0. 1. ... 1. 1. 0.]]
Fitness
[83.72093023 83.72093023 69.76744186 79.06976744 74.41860465 72.09302326
 74.41860465 79.06976744 72.09302326 76.74418605]
83.72093023255815
Best fitness so far :  83.72093023255815
Parents
[[0. 1. 1. ... 0. 1. 0.]
 [0. 1. 0. ... 0. 1. 0.]]
Crossover
[[0. 1. 0. ... 0. 1. 0.]
 [0. 1. 0. ... 0. 1. 0.]
 [0. 1. 0. ... 0. 1. 0.]
 ...
 [0. 1. 1. ... 0. 1. 0.]
 [0. 1. 1. ... 0. 1. 0.]
 [0. 1. 1. ... 0. 1. 0.]]
Mutation
[[1. 1. 0. ... 1. 1. 0.]
 [1. 1. 0. ... 1. 1. 0.]
 [1. 1. 0. ... 1. 1. 0.]
 ...
 [1. 1. 1. ... 1. 1. 0.]
 [1. 1. 1. ... 1. 1. 0.]
 [1. 1. 1. ... 1. 1. 0.]]
Fitness
[83.72093023 83.72093023 74.41860465 72.09302326 76.74418605 76.74418605
 72.09302326 76.74418605 76.74418605 74.41860465]
83.72093023255815
Best fitness so far :  83.72093023255815
Parents
[[0. 1. 1. ... 0. 1. 0.]
 [0. 1. 0. ... 0. 1. 0.]]
Crossover
[[0. 1. 0. ... 0. 1. 0.]
 [0. 1. 0. ... 0. 1. 0.]
 [0. 1. 1. ... 0. 1. 0.]
 ...
 [0. 1. 0. ... 0. 1. 0.]
 [0. 1. 0. ... 0. 1. 0.]
 [0. 1. 1. ... 0. 1. 0.]]
Mutation
[[0. 1. 0. ... 1. 0. 0.]
 [0. 1. 0. ... 1. 0. 0.]
 [0. 1. 1. ... 1. 0. 0.]
 ...
 [0. 1. 0. ... 1. 0. 0.]
 [0. 1. 0. ... 1. 0. 0.]
 [0. 1. 1. ... 1. 0. 0.]]
Fitness
[83.72093023 83.72093023 74.41860465 72.09302326 74.41860465 72.09302326
 69.76744186 74.41860465 72.09302326 72.09302326]
83.72093023255815
Best fitness so far :  83.72093023255815
Parents
[[0. 1. 1. ... 0. 1. 0.]
 [0. 1. 0. ... 0. 1. 0.]]
Crossover
[[0. 1. 0. ... 0. 1. 0.]
 [0. 1. 0. ... 0. 1. 0.]
 [0. 1. 0. ... 0. 1. 0.]
 ...
 [0. 1. 0. ... 0. 1. 0.]
 [0. 1. 1. ... 0. 1. 0.]
 [0. 1. 1. ... 0. 1. 0.]]
Mutation
[[0. 1. 0. ... 0. 1. 0.]
 [0. 1. 0. ... 0. 1. 0.]
 [0. 1. 0. ... 0. 1. 0.]
 ...
 [0. 1. 0. ... 0. 1. 0.]
 [0. 1. 1. ... 0. 1. 0.]
 [0. 1. 1. ... 0. 1. 0.]]
Fitness
[83.72093023 83.72093023 76.74418605 86.04651163 83.72093023 79.06976744
 81.39534884 81.39534884 79.06976744 86.04651163]
86.04651162790698
Best fitness so far :  86.04651162790698
Parents
[[0. 1. 0. ... 0. 1. 0.]
 [0. 1. 1. ... 0. 1. 0.]]
Crossover
[[0. 1. 0. ... 0. 1. 0.]
 [0. 1. 0. ... 0. 1. 0.]
 [0. 1. 1. ... 0. 1. 0.]
 ...
 [0. 1. 0. ... 0. 1. 0.]
 [0. 1. 1. ... 0. 1. 0.]
 [0. 1. 1. ... 0. 1. 0.]]
Mutation
[[1. 1. 0. ... 0. 1. 0.]
 [1. 1. 0. ... 0. 1. 0.]
 [1. 1. 1. ... 0. 1. 0.]
 ...
 [1. 1. 0. ... 0. 1. 0.]
 [1. 1. 1. ... 0. 1. 0.]
 [1. 1. 1. ... 0. 1. 0.]]
Fitness
[86.04651163 86.04651163 81.39534884 81.39534884 81.39534884 81.39534884
 81.39534884 81.39534884 81.39534884 81.39534884]
86.04651162790698
Best fitness so far :  86.04651162790698
Parents
[[0. 1. 0. ... 0. 1. 0.]
 [0. 1. 1. ... 0. 1. 0.]]
Crossover
[[0. 1. 0. ... 0. 1. 0.]
 [0. 1. 0. ... 0. 1. 0.]
 [0. 1. 1. ... 0. 1. 0.]
 ...
 [0. 1. 0. ... 0. 1. 0.]
 [0. 1. 1. ... 0. 1. 0.]
 [0. 1. 0. ... 0. 1. 0.]]
Mutation
[[0. 1. 0. ... 0. 1. 0.]
 [0. 1. 0. ... 0. 1. 0.]
 [0. 1. 1. ... 0. 1. 0.]
 ...
 [0. 1. 0. ... 0. 1. 0.]
 [0. 1. 1. ... 0. 1. 0.]
 [0. 1. 0. ... 0. 1. 0.]]
Fitness
[86.04651163 86.04651163 81.39534884 79.06976744 79.06976744 79.06976744
 79.06976744 79.06976744 81.39534884 79.06976744]
86.04651162790698
Best fitness so far :  86.04651162790698
Parents
[[0. 1. 0. ... 0. 1. 0.]
 [0. 1. 1. ... 0. 1. 0.]]
Crossover
[[0. 1. 0. ... 0. 1. 0.]
 [0. 1. 0. ... 0. 1. 0.]
 [0. 1. 1. ... 0. 1. 0.]
 ...
 [0. 1. 0. ... 0. 1. 0.]
 [0. 1. 1. ... 0. 1. 0.]
 [0. 1. 0. ... 0. 1. 0.]]
Mutation
[[0. 1. 0. ... 0. 1. 0.]
 [0. 1. 0. ... 0. 1. 0.]
 [0. 1. 1. ... 0. 1. 0.]
 ...
 [0. 1. 0. ... 0. 1. 0.]
 [0. 1. 1. ... 0. 1. 0.]
 [0. 1. 0. ... 0. 1. 0.]]
best_solution :  [0 1 0 0 0 0 1 0 0 0 0 0 0 0 1 0 1 0 1 1 1 0 0 1 0 1 1 1 0 1 0 0 1 1 1 0 0
 1 0 1 0 0 0 1 1 0 0 1 1 1 0 1 1 1 1 0 1 0 0 1 1 0 1 0 0 0 0 1 0 1 1 0 0 1
 1 1 1 1 1 1 1 1 0 0 0 0 1 0 0 0 1 1 0 1 0 0 0 0 0 1 0 0 1 0 0 0 0 0 1 1 1
 1 1 1 0 0 0 1 1 0 1 0 0 0 1 1 1 0 0 1 0 1 0 1 1 0 0 1 0 1 1 1 1 1 0 1 0 0
 1 1 1 1 0 1 0 0 0 0 1 1 1 0 1 1 0 1 0 0 0 0 0 0 1 1 0 0 0 0 1 1 0 0 1 0 1
 1 0 1 0 0 1 1 0 1 1 0 0 1 1 1 0 0 1 0 0 1 0 1 1 1 1 0 0 1 0 1 1 1 1 0 1 1
 1 0 0 1 0 1 1 0 1 1 0 0 1 0 0 0 1 1 1 1 0 1 1 1 0 0 0 0 1 1 0 1 0 1 0 0 0
 1 1 0 0 1 1 1 0 0 0 0 0 0 0 1 1 1 1 1 1 0 1 0 1 1 1 0 0 1 1 0 1 0 0 1 1 0
 0 0 1 1 0 1 0 1 1 0 1 0 0 1 1 1 0 1 0 1 0 0 0 1 1 0 1 1 0 0 1 1 1 0 0 0 1
 0 1 0 0 0 0 1 1 0 0 1 1 0 0 1 0 0 0 0 1 1 1 1 0 1 1 1 1 1 1 0 1 0 1 0 1 0
 0 1 0 1 0 1 1 1 1 1 1 1 1 0 0 0 0 0 1 0 1 0 0 1 0 1 0 0 0 1 1 0 0 1 0 1 0
 0 1 1 1 1 1 1 1 1 1 1 1 1 1 0 1 1 0 1 0 1 1 1 0 0 0 1 0 1 1 0 1 0 0 0 1 0
 1 1 1 1 1 0 1 0 0 0 0 0 1 0 0 0 1 0 0 0 1 1 0 0 1 0 1 0 0 0 1 1 0 1 1 0 1
 0 0 0 1 0 1 1 0 1 1 0 0 1 1 1 0 1 1 0 0 0 0 0 0 1 1 0 1 1 1 1 1 0 1 0 1 0
 0 1 1 0 1 0 0 0 0 0 0 0 0 1 1 0 1 0 0 1 1 0 1 1 1 1 1 0 0 0 1 1 0 0 0 1 0
 0 0 0 0 1 0 1 1 0 0 1 1 0 1 0 1 1 1 0 0 0 1 1 0 0 1 0 0 1 0 1 1 0 1 1 1 1
 0 0 1 1 0 0 1 1 1 1 1 1 0 0 0 0 1 0 1 1 0 1 0 0 1 1 1 0 1 1 1 1 0 1 0 0 0
 1 0 0 1 0 1 0 1 0 0 0 1 1 0 1 0 1 0 0 0 1 0 0 1 1 1 0 1 0 1 0 1 1 0 1 0 1
 0 1 1 1 0 0 0 1 0 1 1 0 0 1 1 1 0 1 1 1 1 1 0 0 1 1 1 1 1 0 1 1 0 1 0 1 1
 0 1 0 0 0 1 0]
Selected indices :  [  1   6  14  16  18  19  20  23  25  26  27  29  32  33  34  37  39  43
  44  47  48  49  51  52  53  54  56  59  60  62  67  69  70  73  74  75
  76  77  78  79  80  81  86  90  91  93  99 102 108 109 110 111 112 113
 117 118 120 124 125 126 129 131 133 134 137 139 140 141 142 143 145 148
 149 150 151 153 158 159 160 162 163 165 172 173 178 179 182 184 185 187
 190 191 193 194 197 198 199 202 205 207 208 209 210 213 215 216 217 218
 220 221 222 225 227 228 230 231 234 238 239 240 241 243 244 245 250 251
 253 255 259 260 263 264 265 273 274 275 276 277 278 280 282 283 284 287
 288 290 293 294 298 299 301 303 304 306 309 310 311 313 315 319 320 322
 323 326 327 328 332 334 339 340 343 344 347 352 353 354 355 357 358 359
 360 361 362 364 366 368 371 373 375 376 377 378 379 380 381 382 388 390
 393 395 399 400 403 405 408 409 410 411 412 413 414 415 416 417 418 419
 420 422 423 425 427 428 429 433 435 436 438 442 444 445 446 447 448 450
 456 460 464 465 468 470 474 475 477 478 480 484 486 487 489 490 493 494
 495 497 498 505 506 508 509 510 511 512 514 516 519 520 522 531 532 534
 537 538 540 541 542 543 544 548 549 553 559 561 562 565 566 568 570 571
 572 576 577 580 583 585 586 588 589 590 591 594 595 598 599 600 601 602
 603 608 610 611 613 616 617 618 620 621 622 623 625 629 632 634 636 640
 641 643 645 649 652 653 654 656 658 660 661 663 665 667 668 669 673 675
 676 679 680 681 683 684 685 686 687 690 691 692 693 694 696 697 699 701
 702 704 708]
Number of selected features :  363
Best solution fitness(Training accuracy) :  86.04651162790698
Printing features in the best feature subset
0 : y_9
1 : y_7
2 : y_65
3 : y_64
4 : y_63
5 : y_61
6 : y_59
7 : y_58
8 : y_56
9 : y_55
10 : y_54
11 : y_53
12 : y_52
13 : y_51
14 : y_50
15 : y_49
16 : y_48
17 : y_47
18 : y_46
19 : y_45
20 : y_44
21 : y_41
22 : y_4
23 : y_39
24 : y_36
25 : y_35
26 : y_31
27 : y_29
28 : y_26
29 : y_24
30 : y_2
31 : y_18
32 : y_17
33 : y_16
34 : y_15
35 : y_14
36 : y_13
37 : y_12
38 : y_11
39 : y_0
40 : x_8
41 : x_7
42 : x_66
43 : x_65
44 : x_64
45 : x_63
46 : x_62
47 : x_61
48 : x_59
49 : x_58
50 : x_57
51 : x_56
52 : x_51
53 : x_5
54 : x_48
55 : x_47
56 : x_44
57 : x_43
58 : x_38
59 : x_36
60 : x_32
61 : x_31
62 : x_30
63 : x_3
64 : x_27
65 : x_26
66 : x_24
67 : x_23
68 : x_2
69 : x_19
70 : x_17
71 : x_15
72 : x_14
73 : x_13
74 : x_10
75 : pose_Tx
76 : pose_Ry
77 : pose_Rx
78 : p_ty
79 : p_tx
80 : p_scale
81 : p_7
82 : p_33
83 : p_31
84 : p_3
85 : p_27
86 : p_26
87 : p_25
88 : p_23
89 : p_21
90 : p_19
91 : p_18
92 : p_16
93 : p_14
94 : p_12
95 : p_11
96 : p_10
97 : p_1
98 : gaze_1_y
99 : eye_lmk_y_9
100 : eye_lmk_y_8
101 : eye_lmk_y_7
102 : eye_lmk_y_54
103 : eye_lmk_y_52
104 : eye_lmk_y_51
105 : eye_lmk_y_47
106 : eye_lmk_y_46
107 : eye_lmk_y_45
108 : eye_lmk_y_44
109 : eye_lmk_y_43
110 : eye_lmk_y_42
111 : eye_lmk_y_4
112 : eye_lmk_y_36
113 : eye_lmk_y_33
114 : eye_lmk_y_3
115 : eye_lmk_y_27
116 : eye_lmk_y_25
117 : eye_lmk_y_24
118 : eye_lmk_y_20
119 : eye_lmk_y_15
120 : eye_lmk_y_14
121 : eye_lmk_y_13
122 : eye_lmk_y_12
123 : eye_lmk_y_11
124 : eye_lmk_y_10
125 : eye_lmk_y_1
126 : eye_lmk_x_9
127 : eye_lmk_x_8
128 : eye_lmk_x_6
129 : eye_lmk_x_52
130 : eye_lmk_x_50
131 : eye_lmk_x_49
132 : eye_lmk_x_46
133 : eye_lmk_x_44
134 : eye_lmk_x_43
135 : eye_lmk_x_42
136 : eye_lmk_x_41
137 : eye_lmk_x_4
138 : eye_lmk_x_39
139 : eye_lmk_x_38
140 : eye_lmk_x_37
141 : eye_lmk_x_34
142 : eye_lmk_x_33
143 : eye_lmk_x_29
144 : eye_lmk_x_27
145 : eye_lmk_x_24
146 : eye_lmk_x_23
147 : eye_lmk_x_22
148 : eye_lmk_x_19
149 : eye_lmk_x_17
150 : eye_lmk_x_16
151 : eye_lmk_x_15
152 : eye_lmk_x_13
153 : eye_lmk_x_10
154 : eye_lmk_Z_9
155 : eye_lmk_Z_7
156 : eye_lmk_Z_6
157 : eye_lmk_Z_54
158 : eye_lmk_Z_53
159 : eye_lmk_Z_50
160 : eye_lmk_Z_5
161 : eye_lmk_Z_49
162 : eye_lmk_Z_48
163 : eye_lmk_Z_46
164 : eye_lmk_Z_44
165 : eye_lmk_Z_43
166 : eye_lmk_Z_42
167 : eye_lmk_Z_41
168 : eye_lmk_Z_40
169 : eye_lmk_Z_4
170 : eye_lmk_Z_39
171 : eye_lmk_Z_31
172 : eye_lmk_Z_30
173 : eye_lmk_Z_29
174 : eye_lmk_Z_26
175 : eye_lmk_Z_25
176 : eye_lmk_Z_21
177 : eye_lmk_Z_19
178 : eye_lmk_Z_17
179 : eye_lmk_Z_16
180 : eye_lmk_Z_11
181 : eye_lmk_Z_10
182 : eye_lmk_Z_0
183 : eye_lmk_Y_9
184 : eye_lmk_Y_7
185 : eye_lmk_Y_6
186 : eye_lmk_Y_53
187 : eye_lmk_Y_52
188 : eye_lmk_Y_50
189 : eye_lmk_Y_49
190 : eye_lmk_Y_47
191 : eye_lmk_Y_44
192 : eye_lmk_Y_43
193 : eye_lmk_Y_42
194 : eye_lmk_Y_40
195 : eye_lmk_Y_4
196 : eye_lmk_Y_39
197 : eye_lmk_Y_38
198 : eye_lmk_Y_37
199 : eye_lmk_Y_35
200 : eye_lmk_Y_32
201 : eye_lmk_Y_31
202 : eye_lmk_Y_30
203 : eye_lmk_Y_29
204 : eye_lmk_Y_27
205 : eye_lmk_Y_24
206 : eye_lmk_Y_21
207 : eye_lmk_Y_20
208 : eye_lmk_Y_19
209 : eye_lmk_Y_16
210 : eye_lmk_Y_15
211 : eye_lmk_Y_13
212 : eye_lmk_Y_12
213 : eye_lmk_Y_1
214 : eye_lmk_Y_0
215 : eye_lmk_X_9
216 : eye_lmk_X_7
217 : eye_lmk_X_51
218 : eye_lmk_X_50
219 : eye_lmk_X_43
220 : eye_lmk_X_41
221 : eye_lmk_X_40
222 : eye_lmk_X_4
223 : eye_lmk_X_38
224 : eye_lmk_X_37
225 : eye_lmk_X_36
226 : eye_lmk_X_31
227 : eye_lmk_X_3
228 : eye_lmk_X_29
229 : eye_lmk_X_28
230 : eye_lmk_X_27
231 : eye_lmk_X_26
232 : eye_lmk_X_23
233 : eye_lmk_X_21
234 : eye_lmk_X_20
235 : eye_lmk_X_2
236 : eye_lmk_X_19
237 : eye_lmk_X_18
238 : eye_lmk_X_17
239 : eye_lmk_X_15
240 : eye_lmk_X_12
241 : eye_lmk_X_11
242 : confidence
243 : Z_9
244 : Z_8
245 : Z_66
246 : Z_64
247 : Z_61
248 : Z_57
249 : Z_55
250 : Z_54
251 : Z_53
252 : Z_52
253 : Z_50
254 : Z_49
255 : Z_48
256 : Z_45
257 : Z_43
258 : Z_42
259 : Z_40
260 : Z_4
261 : Z_35
262 : Z_34
263 : Z_33
264 : Z_32
265 : Z_31
266 : Z_30
267 : Z_3
268 : Z_27
269 : Z_26
270 : Z_23
271 : Z_22
272 : Z_21
273 : Z_20
274 : Z_2
275 : Z_18
276 : Z_17
277 : Z_15
278 : Z_12
279 : Z_0
280 : Y_9
281 : Y_8
282 : Y_66
283 : Y_65
284 : Y_62
285 : Y_61
286 : Y_6
287 : Y_59
288 : Y_53
289 : Y_5
290 : Y_49
291 : Y_48
292 : Y_44
293 : Y_43
294 : Y_42
295 : Y_41
296 : Y_40
297 : Y_38
298 : Y_37
299 : Y_34
300 : Y_32
301 : Y_31
302 : Y_22
303 : Y_20
304 : Y_19
305 : Y_16
306 : Y_14
307 : Y_12
308 : Y_11
309 : Y_10
310 : X_66
311 : X_65
312 : X_63
313 : X_62
314 : X_61
315 : X_6
316 : X_58
317 : X_57
318 : X_55
319 : X_54
320 : X_52
321 : X_48
322 : X_46
323 : X_45
324 : X_43
325 : X_42
326 : X_4
327 : X_38
328 : X_36
329 : X_33
330 : X_32
331 : X_3
332 : X_28
333 : X_24
334 : X_18
335 : X_16
336 : X_15
337 : X_14
338 : X_13
339 : X_12
340 : X_10
341 : X_1
342 : AU45_r
343 : AU26_r
344 : AU26_c
345 : AU25_r
346 : AU17_r
347 : AU17_c
348 : AU15_r
349 : AU14_r
350 : AU14_c
351 : AU12_r
352 : AU12_c
353 : AU10_r
354 : AU09_c
355 : AU07_r
356 : AU06_r
357 : AU06_c
358 : AU05_r
359 : AU05_c
360 : AU02_c
361 : AU01_r
362 : AU01_c
[79.06976744186046, 79.06976744186046, 79.06976744186046, 79.06976744186046, 79.06976744186046, 79.06976744186046, 79.06976744186046, 79.06976744186046, 79.06976744186046, 79.06976744186046, 79.06976744186046, 79.06976744186046, 79.06976744186046, 79.06976744186046, 79.06976744186046, 79.06976744186046, 79.06976744186046, 79.06976744186046, 79.06976744186046, 79.06976744186046, 79.06976744186046, 79.06976744186046, 79.06976744186046, 79.06976744186046, 79.06976744186046, 79.06976744186046, 79.06976744186046, 79.06976744186046, 79.06976744186046, 79.06976744186046, 79.06976744186046, 79.06976744186046, 79.06976744186046, 79.06976744186046, 79.06976744186046, 79.06976744186046, 79.06976744186046, 79.06976744186046, 79.06976744186046, 79.06976744186046, 83.72093023255815, 83.72093023255815, 83.72093023255815, 83.72093023255815, 83.72093023255815, 83.72093023255815, 83.72093023255815, 86.04651162790698, 86.04651162790698, 86.04651162790698]
Testing Accuracy of the best solution is : 66.66666666666666
