Mating : rank
Crossover : uniform
Mutation : swap
Fitness
[74.41860465 74.41860465 76.74418605 74.41860465 76.74418605 74.41860465
 74.41860465 76.74418605 74.41860465 74.41860465]
76.74418604651163
Best fitness so far :  76.74418604651163
Parents
[[1. 0. 0. ... 0. 1. 1.]
 [0. 1. 0. ... 0. 1. 0.]]
Crossover
[[1. 1. 0. ... 0. 1. 0.]
 [1. 0. 0. ... 0. 1. 0.]
 [0. 0. 0. ... 0. 1. 1.]
 ...
 [0. 0. 0. ... 0. 1. 1.]
 [1. 1. 0. ... 0. 1. 0.]
 [0. 1. 0. ... 0. 1. 0.]]
Mutation
[[1. 1. 0. ... 0. 1. 1.]
 [1. 0. 0. ... 0. 1. 1.]
 [0. 0. 0. ... 0. 1. 1.]
 ...
 [0. 0. 0. ... 0. 1. 1.]
 [1. 1. 0. ... 0. 1. 1.]
 [0. 1. 0. ... 0. 1. 1.]]
Fitness
[76.74418605 76.74418605 74.41860465 74.41860465 76.74418605 74.41860465
 76.74418605 74.41860465 76.74418605 74.41860465]
76.74418604651163
Best fitness so far :  76.74418604651163
Parents
[[1. 0. 0. ... 0. 1. 1.]
 [0. 1. 0. ... 0. 1. 0.]]
Crossover
[[0. 1. 0. ... 0. 1. 0.]
 [0. 1. 0. ... 0. 1. 0.]
 [1. 0. 0. ... 0. 1. 0.]
 ...
 [1. 0. 0. ... 0. 1. 0.]
 [1. 0. 0. ... 0. 1. 1.]
 [1. 0. 0. ... 0. 1. 1.]]
Mutation
[[0. 1. 0. ... 0. 1. 0.]
 [0. 1. 0. ... 0. 1. 0.]
 [1. 0. 0. ... 0. 1. 0.]
 ...
 [1. 0. 0. ... 0. 1. 0.]
 [1. 0. 0. ... 0. 1. 1.]
 [1. 0. 0. ... 0. 1. 1.]]
Fitness
[76.74418605 76.74418605 79.06976744 79.06976744 79.06976744 79.06976744
 79.06976744 79.06976744 76.74418605 81.39534884]
81.3953488372093
Best fitness so far :  81.3953488372093
Parents
[[1. 0. 0. ... 0. 1. 1.]
 [0. 1. 0. ... 0. 1. 0.]]
Crossover
[[0. 1. 0. ... 0. 1. 0.]
 [0. 0. 0. ... 0. 1. 1.]
 [0. 1. 0. ... 0. 1. 1.]
 ...
 [1. 1. 0. ... 0. 1. 1.]
 [1. 1. 0. ... 0. 1. 1.]
 [0. 1. 0. ... 0. 1. 0.]]
Mutation
[[0. 1. 0. ... 0. 1. 0.]
 [0. 0. 0. ... 0. 1. 1.]
 [0. 1. 0. ... 0. 1. 1.]
 ...
 [0. 1. 0. ... 0. 1. 1.]
 [0. 1. 0. ... 0. 1. 1.]
 [0. 1. 0. ... 0. 1. 0.]]
Fitness
[81.39534884 79.06976744 76.74418605 79.06976744 74.41860465 81.39534884
 81.39534884 74.41860465 81.39534884 76.74418605]
81.3953488372093
Best fitness so far :  81.3953488372093
Parents
[[1. 0. 0. ... 0. 1. 1.]
 [0. 1. 0. ... 0. 1. 0.]]
Crossover
[[1. 0. 0. ... 0. 1. 0.]
 [0. 1. 0. ... 0. 1. 0.]
 [1. 1. 0. ... 0. 1. 0.]
 ...
 [0. 0. 0. ... 0. 1. 1.]
 [1. 1. 0. ... 0. 1. 1.]
 [0. 1. 0. ... 0. 1. 0.]]
Mutation
[[1. 0. 0. ... 1. 1. 0.]
 [0. 1. 0. ... 1. 1. 0.]
 [1. 1. 0. ... 1. 1. 0.]
 ...
 [0. 0. 0. ... 1. 1. 1.]
 [1. 1. 0. ... 1. 1. 1.]
 [0. 1. 0. ... 1. 1. 0.]]
Fitness
[81.39534884 81.39534884 79.06976744 74.41860465 74.41860465 74.41860465
 76.74418605 76.74418605 79.06976744 79.06976744]
81.3953488372093
Best fitness so far :  81.3953488372093
Parents
[[1. 0. 0. ... 0. 1. 1.]
 [0. 1. 0. ... 0. 1. 0.]]
Crossover
[[0. 0. 0. ... 0. 1. 1.]
 [1. 0. 0. ... 0. 1. 1.]
 [1. 1. 0. ... 0. 1. 0.]
 ...
 [0. 1. 0. ... 0. 1. 0.]
 [1. 1. 0. ... 0. 1. 1.]
 [1. 1. 0. ... 0. 1. 1.]]
Mutation
[[0. 0. 0. ... 0. 1. 1.]
 [1. 0. 0. ... 0. 1. 1.]
 [1. 1. 0. ... 0. 1. 0.]
 ...
 [0. 1. 0. ... 0. 1. 0.]
 [1. 1. 0. ... 0. 1. 1.]
 [1. 1. 0. ... 0. 1. 1.]]
Fitness
[81.39534884 81.39534884 74.41860465 76.74418605 76.74418605 74.41860465
 79.06976744 76.74418605 76.74418605 74.41860465]
81.3953488372093
Best fitness so far :  81.3953488372093
Parents
[[1. 0. 0. ... 0. 1. 1.]
 [0. 1. 0. ... 0. 1. 0.]]
Crossover
[[1. 0. 0. ... 0. 1. 1.]
 [0. 0. 0. ... 0. 1. 1.]
 [0. 0. 0. ... 0. 1. 0.]
 ...
 [0. 1. 0. ... 0. 1. 1.]
 [0. 0. 0. ... 0. 1. 0.]
 [0. 0. 0. ... 0. 1. 0.]]
Mutation
[[1. 0. 1. ... 0. 1. 1.]
 [0. 0. 1. ... 0. 1. 1.]
 [0. 0. 1. ... 0. 1. 0.]
 ...
 [0. 1. 1. ... 0. 1. 1.]
 [0. 0. 1. ... 0. 1. 0.]
 [0. 0. 1. ... 0. 1. 0.]]
Fitness
[81.39534884 81.39534884 81.39534884 76.74418605 79.06976744 81.39534884
 79.06976744 79.06976744 79.06976744 79.06976744]
81.3953488372093
Best fitness so far :  81.3953488372093
Parents
[[1. 0. 0. ... 0. 1. 1.]
 [0. 1. 0. ... 0. 1. 0.]]
Crossover
[[0. 1. 0. ... 0. 1. 1.]
 [1. 1. 0. ... 0. 1. 0.]
 [1. 0. 0. ... 0. 1. 0.]
 ...
 [0. 0. 0. ... 0. 1. 1.]
 [1. 1. 0. ... 0. 1. 0.]
 [0. 0. 0. ... 0. 1. 1.]]
Mutation
[[1. 1. 0. ... 0. 1. 1.]
 [1. 1. 0. ... 0. 1. 0.]
 [1. 0. 0. ... 0. 1. 0.]
 ...
 [1. 0. 0. ... 0. 1. 1.]
 [1. 1. 0. ... 0. 1. 0.]
 [1. 0. 0. ... 0. 1. 1.]]
Fitness
[81.39534884 81.39534884 81.39534884 81.39534884 81.39534884 81.39534884
 81.39534884 81.39534884 81.39534884 79.06976744]
81.3953488372093
Best fitness so far :  81.3953488372093
Parents
[[1. 0. 0. ... 0. 1. 1.]
 [0. 1. 0. ... 0. 1. 0.]]
Crossover
[[0. 0. 0. ... 0. 1. 1.]
 [1. 0. 0. ... 0. 1. 0.]
 [1. 0. 0. ... 0. 1. 0.]
 ...
 [1. 0. 0. ... 0. 1. 1.]
 [1. 1. 0. ... 0. 1. 0.]
 [1. 1. 0. ... 0. 1. 0.]]
Mutation
[[0. 1. 0. ... 0. 1. 1.]
 [1. 1. 0. ... 0. 1. 0.]
 [1. 1. 0. ... 0. 1. 0.]
 ...
 [1. 1. 0. ... 0. 1. 1.]
 [1. 1. 0. ... 0. 1. 0.]
 [1. 1. 0. ... 0. 1. 0.]]
Fitness
[81.39534884 81.39534884 76.74418605 81.39534884 79.06976744 79.06976744
 79.06976744 81.39534884 79.06976744 79.06976744]
81.3953488372093
Best fitness so far :  81.3953488372093
Parents
[[1. 0. 0. ... 0. 1. 1.]
 [0. 1. 0. ... 0. 1. 0.]]
Crossover
[[1. 1. 0. ... 0. 1. 0.]
 [1. 0. 0. ... 0. 1. 0.]
 [1. 0. 0. ... 0. 1. 0.]
 ...
 [1. 1. 0. ... 0. 1. 1.]
 [1. 0. 0. ... 0. 1. 0.]
 [0. 1. 0. ... 0. 1. 0.]]
Mutation
[[1. 1. 0. ... 1. 0. 0.]
 [1. 0. 0. ... 1. 0. 0.]
 [1. 0. 0. ... 1. 0. 0.]
 ...
 [1. 1. 0. ... 1. 0. 0.]
 [1. 0. 0. ... 1. 0. 0.]
 [0. 1. 0. ... 1. 0. 0.]]
Fitness
[81.39534884 81.39534884 79.06976744 79.06976744 79.06976744 79.06976744
 79.06976744 81.39534884 81.39534884 76.74418605]
81.3953488372093
Best fitness so far :  81.3953488372093
Parents
[[1. 0. 0. ... 0. 1. 1.]
 [0. 1. 0. ... 0. 1. 0.]]
Crossover
[[0. 0. 0. ... 0. 1. 1.]
 [0. 1. 0. ... 0. 1. 1.]
 [0. 0. 0. ... 0. 1. 1.]
 ...
 [1. 1. 0. ... 0. 1. 0.]
 [1. 1. 0. ... 0. 1. 1.]
 [0. 0. 0. ... 0. 1. 1.]]
Mutation
[[0. 0. 0. ... 0. 1. 1.]
 [0. 1. 0. ... 0. 1. 1.]
 [0. 0. 0. ... 0. 1. 1.]
 ...
 [1. 1. 0. ... 0. 1. 0.]
 [1. 1. 0. ... 0. 1. 1.]
 [0. 0. 0. ... 0. 1. 1.]]
Fitness
[81.39534884 81.39534884 79.06976744 76.74418605 76.74418605 79.06976744
 76.74418605 76.74418605 76.74418605 76.74418605]
81.3953488372093
Best fitness so far :  81.3953488372093
Parents
[[1. 0. 0. ... 0. 1. 1.]
 [0. 1. 0. ... 0. 1. 0.]]
Crossover
[[0. 0. 0. ... 0. 1. 0.]
 [1. 1. 0. ... 0. 1. 0.]
 [0. 0. 0. ... 0. 1. 0.]
 ...
 [1. 1. 0. ... 0. 1. 0.]
 [1. 0. 0. ... 0. 1. 0.]
 [0. 1. 0. ... 0. 1. 1.]]
Mutation
[[0. 0. 0. ... 0. 1. 0.]
 [1. 1. 0. ... 0. 1. 0.]
 [0. 0. 0. ... 0. 1. 0.]
 ...
 [1. 1. 0. ... 0. 1. 0.]
 [1. 0. 0. ... 0. 1. 0.]
 [0. 1. 0. ... 0. 1. 1.]]
Fitness
[81.39534884 81.39534884 79.06976744 79.06976744 76.74418605 79.06976744
 79.06976744 76.74418605 79.06976744 79.06976744]
81.3953488372093
Best fitness so far :  81.3953488372093
Parents
[[1. 0. 0. ... 0. 1. 1.]
 [0. 1. 0. ... 0. 1. 0.]]
Crossover
[[0. 0. 0. ... 0. 1. 1.]
 [0. 1. 0. ... 0. 1. 1.]
 [0. 0. 0. ... 0. 1. 1.]
 ...
 [1. 1. 0. ... 0. 1. 0.]
 [0. 0. 0. ... 0. 1. 0.]
 [0. 1. 0. ... 0. 1. 0.]]
Mutation
[[0. 0. 0. ... 1. 1. 1.]
 [0. 1. 0. ... 1. 1. 1.]
 [0. 0. 0. ... 1. 1. 1.]
 ...
 [1. 1. 0. ... 1. 1. 0.]
 [0. 0. 0. ... 1. 1. 0.]
 [0. 1. 0. ... 1. 1. 0.]]
Fitness
[81.39534884 81.39534884 79.06976744 79.06976744 79.06976744 79.06976744
 79.06976744 79.06976744 79.06976744 79.06976744]
81.3953488372093
Best fitness so far :  81.3953488372093
Parents
[[1. 0. 0. ... 0. 1. 1.]
 [0. 1. 0. ... 0. 1. 0.]]
Crossover
[[0. 1. 0. ... 0. 1. 1.]
 [1. 0. 0. ... 0. 1. 1.]
 [0. 0. 0. ... 0. 1. 0.]
 ...
 [0. 1. 0. ... 0. 1. 0.]
 [0. 0. 0. ... 0. 1. 0.]
 [0. 0. 0. ... 0. 1. 1.]]
Mutation
[[0. 1. 0. ... 0. 1. 1.]
 [1. 0. 0. ... 0. 1. 1.]
 [0. 0. 0. ... 0. 1. 0.]
 ...
 [0. 1. 0. ... 0. 1. 0.]
 [0. 0. 0. ... 0. 1. 0.]
 [0. 0. 0. ... 0. 1. 1.]]
Fitness
[81.39534884 81.39534884 76.74418605 79.06976744 76.74418605 79.06976744
 76.74418605 79.06976744 79.06976744 79.06976744]
81.3953488372093
Best fitness so far :  81.3953488372093
Parents
[[1. 0. 0. ... 0. 1. 1.]
 [0. 1. 0. ... 0. 1. 0.]]
Crossover
[[0. 0. 0. ... 0. 1. 0.]
 [0. 0. 0. ... 0. 1. 1.]
 [1. 0. 0. ... 0. 1. 0.]
 ...
 [0. 1. 0. ... 0. 1. 0.]
 [0. 0. 0. ... 0. 1. 1.]
 [0. 1. 0. ... 0. 1. 0.]]
Mutation
[[0. 0. 1. ... 0. 1. 0.]
 [0. 0. 1. ... 0. 1. 1.]
 [1. 0. 1. ... 0. 1. 0.]
 ...
 [0. 1. 1. ... 0. 1. 0.]
 [0. 0. 1. ... 0. 1. 1.]
 [0. 1. 1. ... 0. 1. 0.]]
Fitness
[81.39534884 81.39534884 76.74418605 74.41860465 76.74418605 79.06976744
 76.74418605 74.41860465 76.74418605 76.74418605]
81.3953488372093
Best fitness so far :  81.3953488372093
Parents
[[1. 0. 0. ... 0. 1. 1.]
 [0. 1. 0. ... 0. 1. 0.]]
Crossover
[[1. 1. 0. ... 0. 1. 1.]
 [1. 0. 0. ... 0. 1. 1.]
 [1. 0. 0. ... 0. 1. 0.]
 ...
 [1. 1. 0. ... 0. 1. 1.]
 [1. 0. 0. ... 0. 1. 0.]
 [1. 0. 0. ... 0. 1. 0.]]
Mutation
[[1. 1. 0. ... 0. 1. 1.]
 [1. 0. 0. ... 0. 1. 1.]
 [1. 0. 0. ... 0. 1. 0.]
 ...
 [1. 1. 0. ... 0. 1. 1.]
 [1. 0. 0. ... 0. 1. 0.]
 [1. 0. 0. ... 0. 1. 0.]]
Fitness
[81.39534884 81.39534884 79.06976744 76.74418605 76.74418605 79.06976744
 74.41860465 76.74418605 79.06976744 76.74418605]
81.3953488372093
Best fitness so far :  81.3953488372093
Parents
[[1. 0. 0. ... 0. 1. 1.]
 [0. 1. 0. ... 0. 1. 0.]]
Crossover
[[0. 0. 0. ... 0. 1. 1.]
 [1. 0. 0. ... 0. 1. 1.]
 [0. 0. 0. ... 0. 1. 1.]
 ...
 [1. 1. 0. ... 0. 1. 1.]
 [1. 1. 0. ... 0. 1. 1.]
 [0. 0. 0. ... 0. 1. 0.]]
Mutation
[[0. 0. 0. ... 0. 1. 1.]
 [0. 0. 0. ... 0. 1. 1.]
 [0. 1. 0. ... 0. 1. 1.]
 ...
 [0. 0. 0. ... 0. 1. 1.]
 [0. 0. 0. ... 0. 1. 1.]
 [0. 1. 0. ... 0. 1. 0.]]
Fitness
[81.39534884 81.39534884 76.74418605 76.74418605 76.74418605 76.74418605
 76.74418605 76.74418605 76.74418605 76.74418605]
81.3953488372093
Best fitness so far :  81.3953488372093
Parents
[[1. 0. 0. ... 0. 1. 1.]
 [0. 1. 0. ... 0. 1. 0.]]
Crossover
[[0. 0. 0. ... 0. 1. 0.]
 [0. 1. 0. ... 0. 1. 0.]
 [0. 0. 0. ... 0. 1. 0.]
 ...
 [0. 1. 0. ... 0. 1. 0.]
 [0. 0. 0. ... 0. 1. 0.]
 [0. 1. 0. ... 0. 1. 0.]]
Mutation
[[0. 0. 0. ... 0. 0. 0.]
 [0. 1. 0. ... 0. 0. 0.]
 [0. 0. 1. ... 0. 0. 0.]
 ...
 [0. 1. 0. ... 0. 0. 0.]
 [0. 0. 1. ... 0. 0. 0.]
 [0. 1. 0. ... 0. 0. 0.]]
Fitness
[81.39534884 81.39534884 76.74418605 76.74418605 76.74418605 76.74418605
 76.74418605 79.06976744 76.74418605 76.74418605]
81.3953488372093
Best fitness so far :  81.3953488372093
Parents
[[1. 0. 0. ... 0. 1. 1.]
 [0. 1. 0. ... 0. 1. 0.]]
Crossover
[[1. 1. 0. ... 0. 1. 0.]
 [0. 1. 0. ... 0. 1. 1.]
 [1. 1. 0. ... 0. 1. 0.]
 ...
 [1. 0. 0. ... 0. 1. 1.]
 [0. 1. 0. ... 0. 1. 1.]
 [1. 0. 0. ... 0. 1. 0.]]
Mutation
[[1. 1. 0. ... 0. 1. 0.]
 [0. 1. 0. ... 0. 1. 1.]
 [1. 1. 0. ... 0. 1. 0.]
 ...
 [1. 0. 0. ... 0. 1. 1.]
 [0. 1. 0. ... 0. 1. 1.]
 [1. 0. 0. ... 0. 1. 0.]]
Fitness
[81.39534884 81.39534884 81.39534884 79.06976744 81.39534884 81.39534884
 81.39534884 79.06976744 81.39534884 81.39534884]
81.3953488372093
Best fitness so far :  81.3953488372093
Parents
[[1. 0. 0. ... 0. 1. 1.]
 [0. 1. 0. ... 0. 1. 0.]]
Crossover
[[1. 1. 0. ... 0. 1. 1.]
 [1. 1. 0. ... 0. 1. 0.]
 [0. 0. 0. ... 0. 1. 1.]
 ...
 [1. 0. 0. ... 0. 1. 0.]
 [0. 1. 0. ... 0. 1. 0.]
 [1. 1. 0. ... 0. 1. 0.]]
Mutation
[[1. 1. 0. ... 0. 1. 1.]
 [1. 1. 0. ... 0. 1. 0.]
 [0. 0. 0. ... 0. 1. 1.]
 ...
 [1. 0. 0. ... 0. 1. 0.]
 [0. 1. 0. ... 0. 1. 0.]
 [1. 1. 0. ... 0. 1. 0.]]
Fitness
[81.39534884 81.39534884 81.39534884 81.39534884 81.39534884 81.39534884
 81.39534884 76.74418605 81.39534884 76.74418605]
81.3953488372093
Best fitness so far :  81.3953488372093
Parents
[[1. 0. 0. ... 0. 1. 1.]
 [0. 1. 0. ... 0. 1. 0.]]
Crossover
[[1. 1. 0. ... 0. 1. 0.]
 [1. 1. 0. ... 0. 1. 1.]
 [1. 1. 0. ... 0. 1. 0.]
 ...
 [0. 1. 0. ... 0. 1. 0.]
 [0. 0. 0. ... 0. 1. 0.]
 [0. 0. 0. ... 0. 1. 1.]]
Mutation
[[1. 1. 0. ... 0. 1. 0.]
 [1. 1. 0. ... 0. 1. 1.]
 [1. 1. 0. ... 0. 1. 0.]
 ...
 [0. 1. 0. ... 0. 1. 0.]
 [0. 0. 0. ... 0. 1. 0.]
 [0. 0. 0. ... 0. 1. 1.]]
Fitness
[81.39534884 81.39534884 76.74418605 76.74418605 76.74418605 76.74418605
 76.74418605 76.74418605 76.74418605 74.41860465]
81.3953488372093
Best fitness so far :  81.3953488372093
Parents
[[1. 0. 0. ... 0. 1. 1.]
 [0. 1. 0. ... 0. 1. 0.]]
Crossover
[[1. 1. 0. ... 0. 1. 0.]
 [1. 1. 0. ... 0. 1. 0.]
 [0. 0. 0. ... 0. 1. 1.]
 ...
 [0. 1. 0. ... 0. 1. 0.]
 [1. 0. 0. ... 0. 1. 1.]
 [1. 1. 0. ... 0. 1. 1.]]
Mutation
[[0. 0. 0. ... 0. 1. 1.]
 [0. 0. 0. ... 0. 1. 1.]
 [0. 0. 0. ... 0. 1. 1.]
 ...
 [0. 0. 0. ... 0. 1. 1.]
 [0. 0. 0. ... 0. 1. 1.]
 [0. 0. 0. ... 0. 1. 1.]]
Fitness
[81.39534884 81.39534884 79.06976744 79.06976744 79.06976744 76.74418605
 79.06976744 81.39534884 81.39534884 76.74418605]
81.3953488372093
Best fitness so far :  81.3953488372093
Parents
[[1. 0. 0. ... 0. 1. 1.]
 [0. 1. 0. ... 0. 1. 0.]]
Crossover
[[0. 1. 0. ... 0. 1. 0.]
 [0. 0. 0. ... 0. 1. 1.]
 [1. 1. 0. ... 0. 1. 1.]
 ...
 [1. 0. 0. ... 0. 1. 1.]
 [0. 0. 0. ... 0. 1. 0.]
 [1. 0. 0. ... 0. 1. 0.]]
Mutation
[[0. 1. 0. ... 0. 1. 0.]
 [0. 0. 0. ... 0. 1. 1.]
 [1. 1. 0. ... 0. 1. 1.]
 ...
 [1. 0. 0. ... 0. 1. 1.]
 [0. 0. 0. ... 0. 1. 0.]
 [1. 0. 0. ... 0. 1. 0.]]
Fitness
[81.39534884 81.39534884 76.74418605 74.41860465 74.41860465 74.41860465
 74.41860465 74.41860465 76.74418605 74.41860465]
81.3953488372093
Best fitness so far :  81.3953488372093
Parents
[[1. 0. 0. ... 0. 1. 1.]
 [0. 1. 0. ... 0. 1. 0.]]
Crossover
[[0. 1. 0. ... 0. 1. 1.]
 [1. 0. 0. ... 0. 1. 1.]
 [0. 1. 0. ... 0. 1. 1.]
 ...
 [0. 1. 0. ... 0. 1. 1.]
 [1. 0. 0. ... 0. 1. 1.]
 [0. 0. 0. ... 0. 1. 0.]]
Mutation
[[0. 1. 0. ... 0. 1. 1.]
 [1. 0. 0. ... 0. 1. 1.]
 [0. 1. 0. ... 0. 1. 1.]
 ...
 [0. 1. 0. ... 0. 1. 1.]
 [1. 0. 0. ... 0. 1. 1.]
 [0. 0. 0. ... 0. 1. 0.]]
Fitness
[81.39534884 81.39534884 74.41860465 79.06976744 76.74418605 79.06976744
 76.74418605 79.06976744 76.74418605 76.74418605]
81.3953488372093
Best fitness so far :  81.3953488372093
Parents
[[1. 0. 0. ... 0. 1. 1.]
 [0. 1. 0. ... 0. 1. 0.]]
Crossover
[[0. 1. 0. ... 0. 1. 1.]
 [1. 0. 0. ... 0. 1. 1.]
 [0. 0. 0. ... 0. 1. 1.]
 ...
 [0. 0. 0. ... 0. 1. 0.]
 [0. 1. 0. ... 0. 1. 0.]
 [0. 0. 0. ... 0. 1. 1.]]
Mutation
[[1. 1. 0. ... 0. 1. 1.]
 [0. 0. 0. ... 0. 0. 1.]
 [1. 0. 0. ... 0. 1. 1.]
 ...
 [0. 0. 0. ... 0. 0. 0.]
 [1. 1. 0. ... 0. 1. 0.]
 [1. 0. 0. ... 0. 1. 1.]]
Fitness
[81.39534884 81.39534884 79.06976744 79.06976744 79.06976744 79.06976744
 79.06976744 79.06976744 79.06976744 79.06976744]
81.3953488372093
Best fitness so far :  81.3953488372093
Parents
[[1. 0. 0. ... 0. 1. 1.]
 [0. 1. 0. ... 0. 1. 0.]]
Crossover
[[1. 0. 0. ... 0. 1. 0.]
 [0. 0. 0. ... 0. 1. 1.]
 [0. 0. 0. ... 0. 1. 0.]
 ...
 [1. 0. 0. ... 0. 1. 1.]
 [0. 1. 0. ... 0. 1. 0.]
 [0. 1. 0. ... 0. 1. 1.]]
Mutation
[[1. 0. 0. ... 1. 1. 0.]
 [0. 0. 0. ... 1. 1. 1.]
 [0. 0. 0. ... 1. 1. 0.]
 ...
 [1. 0. 0. ... 1. 1. 1.]
 [0. 1. 0. ... 1. 1. 0.]
 [0. 1. 0. ... 1. 1. 1.]]
Fitness
[81.39534884 81.39534884 81.39534884 81.39534884 81.39534884 81.39534884
 81.39534884 81.39534884 81.39534884 79.06976744]
81.3953488372093
Best fitness so far :  81.3953488372093
Parents
[[1. 0. 0. ... 0. 1. 1.]
 [0. 1. 0. ... 0. 1. 0.]]
Crossover
[[0. 1. 0. ... 0. 1. 0.]
 [0. 0. 0. ... 0. 1. 1.]
 [1. 1. 0. ... 0. 1. 1.]
 ...
 [0. 1. 0. ... 0. 1. 0.]
 [0. 0. 0. ... 0. 1. 0.]
 [1. 0. 0. ... 0. 1. 1.]]
Mutation
[[0. 1. 0. ... 1. 1. 0.]
 [0. 1. 0. ... 1. 1. 1.]
 [1. 1. 0. ... 1. 1. 1.]
 ...
 [0. 1. 0. ... 1. 1. 0.]
 [0. 1. 0. ... 1. 1. 0.]
 [1. 1. 0. ... 1. 1. 1.]]
Fitness
[81.39534884 81.39534884 79.06976744 76.74418605 74.41860465 74.41860465
 76.74418605 76.74418605 79.06976744 74.41860465]
81.3953488372093
Best fitness so far :  81.3953488372093
Parents
[[1. 0. 0. ... 0. 1. 1.]
 [0. 1. 0. ... 0. 1. 0.]]
Crossover
[[0. 1. 0. ... 0. 1. 1.]
 [1. 0. 0. ... 0. 1. 0.]
 [0. 1. 0. ... 0. 1. 0.]
 ...
 [0. 0. 0. ... 0. 1. 0.]
 [0. 1. 0. ... 0. 1. 1.]
 [1. 1. 0. ... 0. 1. 1.]]
Mutation
[[1. 1. 0. ... 0. 1. 1.]
 [1. 0. 0. ... 0. 1. 0.]
 [1. 1. 0. ... 0. 1. 0.]
 ...
 [1. 0. 0. ... 0. 1. 0.]
 [1. 1. 0. ... 0. 1. 1.]
 [1. 1. 0. ... 0. 1. 1.]]
Fitness
[81.39534884 81.39534884 74.41860465 79.06976744 76.74418605 79.06976744
 79.06976744 79.06976744 79.06976744 79.06976744]
81.3953488372093
Best fitness so far :  81.3953488372093
Parents
[[1. 0. 0. ... 0. 1. 1.]
 [0. 1. 0. ... 0. 1. 0.]]
Crossover
[[1. 1. 0. ... 0. 1. 1.]
 [1. 0. 0. ... 0. 1. 0.]
 [0. 1. 0. ... 0. 1. 1.]
 ...
 [0. 1. 0. ... 0. 1. 1.]
 [0. 1. 0. ... 0. 1. 1.]
 [0. 0. 0. ... 0. 1. 1.]]
Mutation
[[1. 1. 1. ... 0. 1. 1.]
 [1. 0. 1. ... 0. 1. 0.]
 [0. 1. 1. ... 0. 1. 1.]
 ...
 [0. 1. 1. ... 0. 1. 1.]
 [0. 1. 1. ... 0. 1. 1.]
 [0. 0. 1. ... 0. 1. 1.]]
Fitness
[81.39534884 81.39534884 79.06976744 81.39534884 76.74418605 79.06976744
 79.06976744 79.06976744 81.39534884 79.06976744]
81.3953488372093
Best fitness so far :  81.3953488372093
Parents
[[1. 0. 0. ... 0. 1. 1.]
 [0. 1. 0. ... 0. 1. 0.]]
Crossover
[[1. 1. 0. ... 0. 1. 1.]
 [1. 0. 0. ... 0. 1. 1.]
 [0. 0. 0. ... 0. 1. 1.]
 ...
 [0. 0. 0. ... 0. 1. 1.]
 [0. 0. 0. ... 0. 1. 1.]
 [0. 1. 0. ... 0. 1. 1.]]
Mutation
[[1. 1. 0. ... 0. 1. 1.]
 [1. 0. 0. ... 0. 1. 1.]
 [0. 0. 0. ... 0. 1. 1.]
 ...
 [0. 0. 0. ... 0. 1. 1.]
 [0. 0. 0. ... 0. 1. 1.]
 [0. 1. 0. ... 0. 1. 1.]]
Fitness
[81.39534884 81.39534884 79.06976744 76.74418605 81.39534884 74.41860465
 76.74418605 74.41860465 76.74418605 81.39534884]
81.3953488372093
Best fitness so far :  81.3953488372093
Parents
[[1. 0. 0. ... 0. 1. 1.]
 [0. 1. 0. ... 0. 1. 0.]]
Crossover
[[0. 1. 0. ... 0. 1. 0.]
 [0. 1. 0. ... 0. 1. 1.]
 [1. 1. 0. ... 0. 1. 0.]
 ...
 [0. 1. 0. ... 0. 1. 0.]
 [0. 1. 0. ... 0. 1. 0.]
 [1. 1. 0. ... 0. 1. 0.]]
Mutation
[[0. 1. 1. ... 0. 1. 0.]
 [0. 1. 1. ... 0. 1. 1.]
 [1. 1. 1. ... 0. 1. 0.]
 ...
 [0. 1. 1. ... 0. 1. 0.]
 [0. 1. 1. ... 0. 1. 0.]
 [1. 1. 1. ... 0. 1. 0.]]
Fitness
[81.39534884 81.39534884 79.06976744 79.06976744 79.06976744 81.39534884
 81.39534884 79.06976744 79.06976744 81.39534884]
81.3953488372093
Best fitness so far :  81.3953488372093
Parents
[[1. 0. 0. ... 0. 1. 1.]
 [0. 1. 0. ... 0. 1. 0.]]
Crossover
[[1. 0. 0. ... 0. 1. 0.]
 [0. 0. 0. ... 0. 1. 0.]
 [0. 0. 0. ... 0. 1. 0.]
 ...
 [1. 1. 0. ... 0. 1. 0.]
 [0. 0. 0. ... 0. 1. 1.]
 [1. 1. 0. ... 0. 1. 1.]]
Mutation
[[1. 0. 1. ... 0. 1. 0.]
 [1. 0. 1. ... 0. 1. 0.]
 [1. 0. 1. ... 0. 1. 0.]
 ...
 [1. 1. 1. ... 0. 1. 0.]
 [1. 0. 1. ... 0. 1. 0.]
 [1. 1. 1. ... 0. 1. 0.]]
Fitness
[81.39534884 81.39534884 76.74418605 81.39534884 76.74418605 81.39534884
 79.06976744 79.06976744 79.06976744 79.06976744]
81.3953488372093
Best fitness so far :  81.3953488372093
Parents
[[1. 0. 0. ... 0. 1. 1.]
 [0. 1. 0. ... 0. 1. 0.]]
Crossover
[[1. 0. 0. ... 0. 1. 1.]
 [1. 1. 0. ... 0. 1. 0.]
 [1. 0. 0. ... 0. 1. 0.]
 ...
 [1. 1. 0. ... 0. 1. 1.]
 [1. 1. 0. ... 0. 1. 1.]
 [0. 1. 0. ... 0. 1. 1.]]
Mutation
[[1. 0. 0. ... 0. 1. 1.]
 [1. 1. 0. ... 0. 1. 0.]
 [1. 0. 0. ... 0. 1. 0.]
 ...
 [1. 1. 0. ... 0. 1. 1.]
 [1. 1. 0. ... 0. 1. 1.]
 [0. 1. 0. ... 0. 1. 1.]]
Fitness
[81.39534884 81.39534884 79.06976744 76.74418605 76.74418605 76.74418605
 79.06976744 76.74418605 76.74418605 76.74418605]
81.3953488372093
Best fitness so far :  81.3953488372093
Parents
[[1. 0. 0. ... 0. 1. 1.]
 [0. 1. 0. ... 0. 1. 0.]]
Crossover
[[0. 1. 0. ... 0. 1. 0.]
 [1. 0. 0. ... 0. 1. 0.]
 [0. 1. 0. ... 0. 1. 0.]
 ...
 [0. 0. 0. ... 0. 1. 0.]
 [1. 0. 0. ... 0. 1. 1.]
 [0. 0. 0. ... 0. 1. 1.]]
Mutation
[[0. 1. 0. ... 0. 1. 0.]
 [1. 0. 0. ... 0. 1. 0.]
 [0. 1. 0. ... 0. 1. 0.]
 ...
 [0. 0. 0. ... 0. 1. 0.]
 [1. 0. 0. ... 0. 1. 1.]
 [0. 0. 0. ... 0. 1. 1.]]
Fitness
[81.39534884 81.39534884 81.39534884 79.06976744 81.39534884 81.39534884
 79.06976744 81.39534884 79.06976744 81.39534884]
81.3953488372093
Best fitness so far :  81.3953488372093
Parents
[[1. 0. 0. ... 0. 1. 1.]
 [0. 1. 0. ... 0. 1. 0.]]
Crossover
[[0. 0. 0. ... 0. 1. 0.]
 [1. 1. 0. ... 0. 1. 1.]
 [1. 1. 0. ... 0. 1. 0.]
 ...
 [0. 1. 0. ... 0. 1. 0.]
 [0. 1. 0. ... 0. 1. 0.]
 [1. 0. 0. ... 0. 1. 0.]]
Mutation
[[0. 0. 0. ... 0. 1. 0.]
 [1. 1. 0. ... 0. 1. 0.]
 [1. 1. 0. ... 0. 1. 0.]
 ...
 [0. 1. 0. ... 0. 1. 0.]
 [0. 1. 0. ... 0. 1. 0.]
 [1. 0. 0. ... 0. 1. 0.]]
Fitness
[81.39534884 81.39534884 76.74418605 74.41860465 76.74418605 76.74418605
 76.74418605 76.74418605 74.41860465 76.74418605]
81.3953488372093
Best fitness so far :  81.3953488372093
Parents
[[1. 0. 0. ... 0. 1. 1.]
 [0. 1. 0. ... 0. 1. 0.]]
Crossover
[[0. 0. 0. ... 0. 1. 0.]
 [1. 1. 0. ... 0. 1. 1.]
 [0. 1. 0. ... 0. 1. 0.]
 ...
 [0. 0. 0. ... 0. 1. 0.]
 [0. 0. 0. ... 0. 1. 1.]
 [1. 0. 0. ... 0. 1. 1.]]
Mutation
[[0. 0. 1. ... 0. 1. 0.]
 [1. 1. 1. ... 0. 1. 1.]
 [0. 1. 1. ... 0. 1. 0.]
 ...
 [0. 0. 1. ... 0. 1. 0.]
 [0. 0. 1. ... 0. 1. 1.]
 [1. 0. 1. ... 0. 1. 1.]]
Fitness
[81.39534884 81.39534884 76.74418605 79.06976744 79.06976744 79.06976744
 79.06976744 79.06976744 79.06976744 76.74418605]
81.3953488372093
Best fitness so far :  81.3953488372093
Parents
[[1. 0. 0. ... 0. 1. 1.]
 [0. 1. 0. ... 0. 1. 0.]]
Crossover
[[0. 1. 0. ... 0. 1. 1.]
 [0. 0. 0. ... 0. 1. 1.]
 [0. 1. 0. ... 0. 1. 1.]
 ...
 [0. 0. 0. ... 0. 1. 1.]
 [1. 0. 0. ... 0. 1. 1.]
 [0. 1. 0. ... 0. 1. 0.]]
Mutation
[[0. 1. 0. ... 1. 1. 0.]
 [0. 1. 0. ... 0. 1. 0.]
 [0. 1. 0. ... 1. 1. 0.]
 ...
 [0. 1. 0. ... 1. 1. 0.]
 [1. 1. 0. ... 0. 1. 0.]
 [0. 1. 0. ... 0. 1. 0.]]
Fitness
[81.39534884 81.39534884 76.74418605 76.74418605 76.74418605 76.74418605
 76.74418605 79.06976744 76.74418605 76.74418605]
81.3953488372093
Best fitness so far :  81.3953488372093
Parents
[[1. 0. 0. ... 0. 1. 1.]
 [0. 1. 0. ... 0. 1. 0.]]
Crossover
[[0. 0. 0. ... 0. 1. 1.]
 [1. 1. 0. ... 0. 1. 0.]
 [0. 0. 0. ... 0. 1. 0.]
 ...
 [0. 0. 0. ... 0. 1. 1.]
 [0. 1. 0. ... 0. 1. 1.]
 [0. 0. 0. ... 0. 1. 1.]]
Mutation
[[0. 1. 0. ... 0. 1. 1.]
 [1. 1. 0. ... 0. 1. 0.]
 [0. 1. 0. ... 0. 1. 0.]
 ...
 [0. 0. 0. ... 0. 1. 1.]
 [0. 1. 0. ... 0. 1. 1.]
 [0. 0. 0. ... 0. 1. 1.]]
Fitness
[81.39534884 81.39534884 76.74418605 76.74418605 79.06976744 76.74418605
 76.74418605 76.74418605 76.74418605 76.74418605]
81.3953488372093
Best fitness so far :  81.3953488372093
Parents
[[1. 0. 0. ... 0. 1. 1.]
 [0. 1. 0. ... 0. 1. 0.]]
Crossover
[[0. 1. 0. ... 0. 1. 0.]
 [1. 1. 0. ... 0. 1. 1.]
 [1. 1. 0. ... 0. 1. 0.]
 ...
 [1. 1. 0. ... 0. 1. 1.]
 [0. 1. 0. ... 0. 1. 0.]
 [0. 1. 0. ... 0. 1. 1.]]
Mutation
[[0. 1. 0. ... 0. 1. 0.]
 [1. 1. 0. ... 0. 1. 0.]
 [1. 1. 0. ... 0. 1. 0.]
 ...
 [1. 1. 0. ... 0. 1. 0.]
 [0. 1. 0. ... 0. 1. 0.]
 [0. 1. 0. ... 0. 1. 0.]]
Fitness
[81.39534884 81.39534884 79.06976744 81.39534884 76.74418605 79.06976744
 79.06976744 76.74418605 81.39534884 79.06976744]
81.3953488372093
Best fitness so far :  81.3953488372093
Parents
[[1. 0. 0. ... 0. 1. 1.]
 [0. 1. 0. ... 0. 1. 0.]]
Crossover
[[1. 0. 0. ... 0. 1. 0.]
 [1. 1. 0. ... 0. 1. 0.]
 [0. 1. 0. ... 0. 1. 0.]
 ...
 [1. 0. 0. ... 0. 1. 0.]
 [0. 1. 0. ... 0. 1. 0.]
 [0. 0. 0. ... 0. 1. 1.]]
Mutation
[[1. 1. 0. ... 0. 1. 0.]
 [1. 1. 0. ... 0. 1. 0.]
 [0. 1. 0. ... 0. 1. 0.]
 ...
 [1. 1. 0. ... 0. 1. 0.]
 [0. 1. 0. ... 0. 1. 0.]
 [0. 1. 0. ... 0. 1. 1.]]
Fitness
[81.39534884 81.39534884 76.74418605 79.06976744 76.74418605 79.06976744
 81.39534884 76.74418605 79.06976744 76.74418605]
81.3953488372093
Best fitness so far :  81.3953488372093
Parents
[[1. 0. 0. ... 0. 1. 1.]
 [0. 1. 0. ... 0. 1. 0.]]
Crossover
[[1. 1. 0. ... 0. 1. 0.]
 [1. 1. 0. ... 0. 1. 1.]
 [0. 1. 0. ... 0. 1. 1.]
 ...
 [0. 0. 0. ... 0. 1. 0.]
 [1. 0. 0. ... 0. 1. 1.]
 [1. 1. 0. ... 0. 1. 1.]]
Mutation
[[1. 1. 0. ... 0. 1. 0.]
 [1. 1. 0. ... 0. 1. 0.]
 [0. 1. 0. ... 0. 1. 0.]
 ...
 [0. 0. 0. ... 0. 1. 0.]
 [1. 0. 0. ... 0. 1. 0.]
 [1. 1. 0. ... 0. 1. 0.]]
Fitness
[81.39534884 81.39534884 79.06976744 79.06976744 79.06976744 79.06976744
 79.06976744 76.74418605 81.39534884 76.74418605]
81.3953488372093
Best fitness so far :  81.3953488372093
Parents
[[1. 0. 0. ... 0. 1. 1.]
 [0. 1. 0. ... 0. 1. 0.]]
Crossover
[[0. 0. 0. ... 0. 1. 1.]
 [0. 1. 0. ... 0. 1. 0.]
 [1. 0. 0. ... 0. 1. 1.]
 ...
 [1. 0. 0. ... 0. 1. 0.]
 [0. 1. 0. ... 0. 1. 0.]
 [1. 0. 0. ... 0. 1. 1.]]
Mutation
[[0. 0. 0. ... 0. 1. 1.]
 [0. 1. 0. ... 0. 1. 0.]
 [1. 0. 0. ... 0. 1. 1.]
 ...
 [1. 0. 0. ... 0. 1. 0.]
 [0. 1. 0. ... 0. 1. 0.]
 [1. 0. 0. ... 0. 1. 1.]]
Fitness
[81.39534884 81.39534884 79.06976744 76.74418605 79.06976744 79.06976744
 76.74418605 79.06976744 76.74418605 79.06976744]
81.3953488372093
Best fitness so far :  81.3953488372093
Parents
[[1. 0. 0. ... 0. 1. 1.]
 [0. 1. 0. ... 0. 1. 0.]]
Crossover
[[0. 1. 0. ... 0. 1. 1.]
 [0. 1. 0. ... 0. 1. 0.]
 [0. 0. 0. ... 0. 1. 1.]
 ...
 [1. 0. 0. ... 0. 1. 0.]
 [0. 0. 0. ... 0. 1. 0.]
 [0. 0. 0. ... 0. 1. 1.]]
Mutation
[[0. 1. 0. ... 0. 1. 1.]
 [0. 1. 0. ... 0. 1. 0.]
 [0. 0. 0. ... 0. 1. 1.]
 ...
 [1. 0. 0. ... 0. 1. 0.]
 [0. 0. 0. ... 0. 1. 0.]
 [0. 0. 0. ... 0. 1. 1.]]
Fitness
[81.39534884 81.39534884 76.74418605 81.39534884 81.39534884 79.06976744
 81.39534884 79.06976744 81.39534884 81.39534884]
81.3953488372093
Best fitness so far :  81.3953488372093
Parents
[[1. 0. 0. ... 0. 1. 1.]
 [0. 1. 0. ... 0. 1. 0.]]
Crossover
[[1. 0. 0. ... 0. 1. 0.]
 [0. 0. 0. ... 0. 1. 1.]
 [1. 0. 0. ... 0. 1. 0.]
 ...
 [1. 1. 0. ... 0. 1. 0.]
 [0. 0. 0. ... 0. 1. 0.]
 [1. 1. 0. ... 0. 1. 0.]]
Mutation
[[1. 0. 0. ... 0. 1. 0.]
 [0. 0. 0. ... 0. 1. 0.]
 [1. 0. 0. ... 0. 1. 0.]
 ...
 [1. 1. 0. ... 0. 1. 0.]
 [0. 0. 0. ... 0. 1. 0.]
 [1. 1. 0. ... 0. 1. 0.]]
Fitness
[81.39534884 81.39534884 74.41860465 74.41860465 74.41860465 74.41860465
 74.41860465 74.41860465 74.41860465 72.09302326]
81.3953488372093
Best fitness so far :  81.3953488372093
Parents
[[1. 0. 0. ... 0. 1. 1.]
 [0. 1. 0. ... 0. 1. 0.]]
Crossover
[[0. 1. 0. ... 0. 1. 0.]
 [1. 1. 0. ... 0. 1. 1.]
 [1. 1. 0. ... 0. 1. 0.]
 ...
 [1. 0. 0. ... 0. 1. 1.]
 [1. 1. 0. ... 0. 1. 1.]
 [0. 0. 0. ... 0. 1. 1.]]
Mutation
[[0. 1. 0. ... 0. 1. 0.]
 [1. 1. 0. ... 0. 1. 0.]
 [1. 1. 0. ... 0. 1. 0.]
 ...
 [1. 0. 0. ... 0. 1. 0.]
 [1. 1. 0. ... 0. 1. 0.]
 [0. 0. 0. ... 0. 1. 0.]]
Fitness
[81.39534884 81.39534884 79.06976744 79.06976744 76.74418605 79.06976744
 79.06976744 76.74418605 76.74418605 76.74418605]
81.3953488372093
Best fitness so far :  81.3953488372093
Parents
[[1. 0. 0. ... 0. 1. 1.]
 [0. 1. 0. ... 0. 1. 0.]]
Crossover
[[1. 0. 0. ... 0. 1. 1.]
 [0. 0. 0. ... 0. 1. 0.]
 [0. 1. 0. ... 0. 1. 1.]
 ...
 [1. 1. 0. ... 0. 1. 1.]
 [0. 0. 0. ... 0. 1. 1.]
 [0. 1. 0. ... 0. 1. 1.]]
Mutation
[[1. 0. 0. ... 0. 0. 1.]
 [0. 0. 0. ... 0. 0. 0.]
 [0. 1. 0. ... 0. 0. 1.]
 ...
 [1. 1. 0. ... 0. 0. 1.]
 [0. 0. 0. ... 0. 0. 1.]
 [0. 1. 0. ... 0. 0. 1.]]
Fitness
[81.39534884 81.39534884 79.06976744 79.06976744 79.06976744 76.74418605
 79.06976744 79.06976744 76.74418605 79.06976744]
81.3953488372093
Best fitness so far :  81.3953488372093
Parents
[[1. 0. 0. ... 0. 1. 1.]
 [0. 1. 0. ... 0. 1. 0.]]
Crossover
[[1. 0. 0. ... 0. 1. 1.]
 [1. 0. 0. ... 0. 1. 0.]
 [1. 1. 0. ... 0. 1. 1.]
 ...
 [1. 1. 0. ... 0. 1. 1.]
 [1. 0. 0. ... 0. 1. 1.]
 [0. 1. 0. ... 0. 1. 1.]]
Mutation
[[0. 0. 0. ... 0. 1. 0.]
 [0. 0. 0. ... 0. 1. 0.]
 [0. 1. 0. ... 0. 1. 0.]
 ...
 [1. 1. 0. ... 0. 1. 0.]
 [1. 0. 0. ... 0. 1. 0.]
 [1. 1. 0. ... 0. 1. 0.]]
Fitness
[81.39534884 81.39534884 74.41860465 74.41860465 74.41860465 72.09302326
 74.41860465 74.41860465 72.09302326 72.09302326]
81.3953488372093
Best fitness so far :  81.3953488372093
Parents
[[1. 0. 0. ... 0. 1. 1.]
 [0. 1. 0. ... 0. 1. 0.]]
Crossover
[[0. 1. 0. ... 0. 1. 0.]
 [1. 1. 0. ... 0. 1. 0.]
 [0. 0. 0. ... 0. 1. 0.]
 ...
 [1. 0. 0. ... 0. 1. 0.]
 [1. 0. 0. ... 0. 1. 1.]
 [0. 0. 0. ... 0. 1. 0.]]
Mutation
[[1. 1. 0. ... 0. 1. 1.]
 [1. 1. 0. ... 0. 1. 0.]
 [0. 0. 0. ... 0. 1. 1.]
 ...
 [1. 0. 0. ... 0. 1. 0.]
 [0. 0. 0. ... 0. 1. 0.]
 [0. 0. 0. ... 0. 1. 1.]]
Fitness
[81.39534884 81.39534884 79.06976744 76.74418605 81.39534884 81.39534884
 81.39534884 81.39534884 81.39534884 79.06976744]
81.3953488372093
Best fitness so far :  81.3953488372093
Parents
[[1. 0. 0. ... 0. 1. 1.]
 [0. 1. 0. ... 0. 1. 0.]]
Crossover
[[1. 1. 0. ... 0. 1. 1.]
 [1. 0. 0. ... 0. 1. 0.]
 [1. 1. 0. ... 0. 1. 0.]
 ...
 [0. 1. 0. ... 0. 1. 0.]
 [0. 0. 0. ... 0. 1. 1.]
 [0. 1. 0. ... 0. 1. 1.]]
Mutation
[[1. 0. 0. ... 1. 1. 0.]
 [1. 0. 0. ... 1. 1. 0.]
 [1. 0. 0. ... 0. 1. 1.]
 ...
 [0. 0. 0. ... 0. 1. 0.]
 [0. 0. 0. ... 1. 1. 1.]
 [0. 0. 0. ... 0. 1. 1.]]
Fitness
[81.39534884 81.39534884 81.39534884 81.39534884 81.39534884 81.39534884
 81.39534884 81.39534884 81.39534884 81.39534884]
81.3953488372093
Best fitness so far :  81.3953488372093
Parents
[[1. 0. 0. ... 0. 1. 1.]
 [0. 1. 0. ... 0. 1. 0.]]
Crossover
[[1. 1. 0. ... 0. 1. 1.]
 [1. 0. 0. ... 0. 1. 1.]
 [1. 1. 0. ... 0. 1. 0.]
 ...
 [0. 1. 0. ... 0. 1. 0.]
 [0. 1. 0. ... 0. 1. 1.]
 [0. 1. 0. ... 0. 1. 1.]]
Mutation
[[1. 1. 1. ... 0. 1. 1.]
 [1. 0. 1. ... 0. 1. 1.]
 [1. 1. 1. ... 0. 1. 0.]
 ...
 [0. 1. 1. ... 0. 1. 0.]
 [0. 1. 1. ... 0. 1. 1.]
 [0. 1. 1. ... 0. 1. 1.]]
Fitness
[81.39534884 81.39534884 81.39534884 79.06976744 81.39534884 79.06976744
 76.74418605 81.39534884 81.39534884 79.06976744]
81.3953488372093
Best fitness so far :  81.3953488372093
Parents
[[1. 0. 0. ... 0. 1. 1.]
 [0. 1. 0. ... 0. 1. 0.]]
Crossover
[[1. 0. 0. ... 0. 1. 0.]
 [0. 1. 0. ... 0. 1. 0.]
 [0. 1. 0. ... 0. 1. 1.]
 ...
 [1. 1. 0. ... 0. 1. 1.]
 [0. 1. 0. ... 0. 1. 1.]
 [1. 0. 0. ... 0. 1. 1.]]
Mutation
[[0. 0. 0. ... 0. 1. 0.]
 [0. 1. 0. ... 0. 1. 0.]
 [0. 1. 0. ... 0. 1. 1.]
 ...
 [0. 1. 0. ... 0. 1. 1.]
 [0. 1. 0. ... 0. 1. 1.]
 [0. 0. 0. ... 0. 1. 1.]]
best_solution :  [1 0 0 1 1 1 1 1 0 1 0 0 0 1 0 0 0 1 1 0 1 1 1 0 0 1 0 0 1 1 1 0 1 1 1 0 0
 0 0 0 1 1 0 0 0 1 0 0 1 1 1 0 1 0 1 0 0 1 0 0 1 0 1 1 1 0 0 1 1 1 1 0 1 1
 0 1 1 0 1 1 1 0 0 1 1 1 0 0 1 0 1 1 1 0 0 1 0 0 0 0 0 0 0 0 0 0 0 0 0 0 0
 1 1 0 1 1 1 0 1 1 1 0 0 0 1 0 0 0 0 1 0 1 0 0 1 1 0 0 0 0 1 0 0 0 1 0 0 1
 0 0 1 1 1 0 1 1 0 1 0 0 1 0 0 0 0 1 1 0 0 1 1 0 0 0 1 1 1 0 1 0 1 1 0 0 0
 0 1 1 1 0 0 1 0 0 1 0 0 0 0 1 0 1 0 1 1 0 0 0 1 1 0 0 0 1 1 1 0 1 1 0 1 0
 1 1 0 1 0 1 1 1 1 1 0 0 0 1 1 1 0 1 1 1 1 0 0 1 1 1 1 1 0 0 1 1 1 1 1 1 1
 0 1 1 1 0 0 1 0 1 0 0 0 1 1 0 1 1 0 0 0 0 1 1 0 1 0 0 0 1 0 1 1 0 1 1 0 1
 1 1 0 0 1 0 0 1 0 1 0 1 1 1 1 1 0 0 1 0 1 0 1 0 0 0 1 1 1 0 0 0 1 0 1 0 1
 0 0 1 0 0 1 0 1 1 1 0 1 0 1 0 1 0 0 1 1 0 0 1 1 1 0 0 1 0 1 1 1 0 0 1 0 1
 0 0 0 1 1 1 0 0 0 1 1 0 1 1 0 1 0 1 1 1 1 0 0 0 0 0 0 1 1 1 0 1 1 0 1 1 1
 1 0 0 0 0 1 1 1 0 1 0 0 0 0 1 1 0 1 0 0 0 0 0 1 1 1 1 1 1 1 1 0 0 0 1 0 1
 1 0 0 0 0 1 0 1 1 1 1 1 0 0 1 0 1 1 0 0 0 1 1 0 1 0 1 1 1 1 0 0 1 0 1 0 1
 1 0 1 1 1 0 1 0 0 1 1 0 1 0 0 0 0 1 1 1 1 0 0 0 1 1 1 0 1 1 0 1 0 0 1 1 1
 0 1 1 0 1 1 0 0 1 0 1 0 1 0 1 0 1 0 1 0 0 1 1 0 0 0 0 0 0 1 1 1 1 0 0 1 1
 1 1 0 1 0 0 0 1 1 0 1 0 0 1 0 1 1 0 0 1 1 1 0 1 0 1 1 0 1 1 1 0 1 1 1 0 0
 1 0 1 0 1 1 0 0 1 1 1 0 0 0 0 0 0 0 1 0 1 0 0 1 1 1 1 1 1 0 1 1 1 1 1 0 0
 0 0 0 0 0 0 0 1 0 0 0 1 0 0 0 1 0 1 1 1 1 0 1 1 0 1 0 1 1 1 1 0 1 1 0 1 1
 1 1 0 0 1 1 1 1 1 0 1 0 0 1 1 1 1 1 0 0 1 0 0 1 1 0 0 1 1 1 0 0 0 1 0 1 0
 0 0 0 0 0 1 1]
Selected indices :  [  0   3   4   5   6   7   9  13  17  18  20  21  22  25  28  29  30  32
  33  34  40  41  45  48  49  50  52  54  57  60  62  63  64  67  68  69
  70  72  73  75  76  78  79  80  83  84  85  88  90  91  92  95 111 112
 114 115 116 118 119 120 124 129 131 134 135 140 144 147 150 151 152 154
 155 157 160 165 166 169 170 174 175 176 178 180 181 186 187 188 191 194
 199 201 203 204 208 209 213 214 215 217 218 220 222 223 225 227 228 229
 230 231 235 236 237 239 240 241 242 245 246 247 248 249 252 253 254 255
 256 257 258 260 261 262 265 267 271 272 274 275 280 281 283 287 289 290
 292 293 295 296 297 300 303 305 307 308 309 310 311 314 316 318 322 323
 324 328 330 332 335 338 340 341 342 344 346 348 351 352 355 356 357 360
 362 363 364 367 369 373 374 375 379 380 382 383 385 387 388 389 390 397
 398 399 401 402 404 405 406 407 412 413 414 416 421 422 424 430 431 432
 433 434 435 436 437 441 443 444 449 451 452 453 454 455 458 460 461 465
 466 468 470 471 472 473 476 478 480 481 483 484 485 487 490 491 493 498
 499 500 501 505 506 507 509 510 512 515 516 517 519 520 522 523 526 528
 530 532 534 536 539 540 547 548 549 550 553 554 555 556 558 562 563 565
 568 570 571 574 575 576 578 580 581 583 584 585 587 588 589 592 594 596
 597 600 601 602 610 612 615 616 617 618 619 620 622 623 624 625 626 636
 640 644 646 647 648 649 651 652 654 656 657 658 659 661 662 664 665 666
 667 670 671 672 673 674 676 679 680 681 682 683 686 689 690 693 694 695
 699 701 708 709]
Number of selected features :  364
Best solution fitness(Training accuracy) :  81.3953488372093
Printing features in the best feature subset
0 : y_9
1 : y_67
2 : y_66
3 : y_60
4 : y_58
5 : y_57
6 : y_52
7 : y_50
8 : y_5
9 : y_49
10 : y_48
11 : y_43
12 : y_42
13 : y_41
14 : y_40
15 : y_38
16 : y_37
17 : y_35
18 : y_34
19 : y_33
20 : y_3
21 : y_26
22 : y_25
23 : y_24
24 : y_23
25 : y_21
26 : y_19
27 : y_18
28 : y_16
29 : y_15
30 : y_11
31 : y_10
32 : y_0
33 : x_9
34 : x_7
35 : x_67
36 : x_66
37 : x_64
38 : x_61
39 : x_60
40 : x_59
41 : x_56
42 : x_55
43 : x_52
44 : x_50
45 : x_48
46 : x_46
47 : x_45
48 : x_44
49 : x_42
50 : x_4
51 : x_39
52 : x_36
53 : x_34
54 : x_32
55 : x_28
56 : x_27
57 : x_26
58 : x_22
59 : x_20
60 : x_18
61 : x_15
62 : x_14
63 : x_13
64 : x_12
65 : x_11
66 : x_1
67 : x_0
68 : pose_Tz
69 : pose_Tx
70 : pose_Rz
71 : pose_Rx
72 : p_tx
73 : p_scale
74 : p_9
75 : p_7
76 : p_6
77 : p_5
78 : p_4
79 : p_32
80 : p_31
81 : p_30
82 : p_29
83 : p_28
84 : p_25
85 : p_24
86 : p_23
87 : p_22
88 : p_20
89 : p_2
90 : p_19
91 : p_17
92 : p_16
93 : p_15
94 : p_14
95 : p_12
96 : p_10
97 : gaze_angle_y
98 : gaze_1_z
99 : gaze_1_y
100 : gaze_1_x
101 : gaze_0_z
102 : gaze_0_y
103 : eye_lmk_y_9
104 : eye_lmk_y_7
105 : eye_lmk_y_6
106 : eye_lmk_y_54
107 : eye_lmk_y_53
108 : eye_lmk_y_52
109 : eye_lmk_y_50
110 : eye_lmk_y_49
111 : eye_lmk_y_48
112 : eye_lmk_y_46
113 : eye_lmk_y_45
114 : eye_lmk_y_4
115 : eye_lmk_y_3
116 : eye_lmk_y_29
117 : eye_lmk_y_26
118 : eye_lmk_y_25
119 : eye_lmk_y_24
120 : eye_lmk_y_22
121 : eye_lmk_y_2
122 : eye_lmk_y_19
123 : eye_lmk_y_18
124 : eye_lmk_y_17
125 : eye_lmk_y_14
126 : eye_lmk_y_13
127 : eye_lmk_y_12
128 : eye_lmk_y_10
129 : eye_lmk_y_1
130 : eye_lmk_x_8
131 : eye_lmk_x_7
132 : eye_lmk_x_54
133 : eye_lmk_x_53
134 : eye_lmk_x_52
135 : eye_lmk_x_50
136 : eye_lmk_x_47
137 : eye_lmk_x_44
138 : eye_lmk_x_42
139 : eye_lmk_x_40
140 : eye_lmk_x_39
141 : eye_lmk_x_38
142 : eye_lmk_x_35
143 : eye_lmk_x_31
144 : eye_lmk_x_30
145 : eye_lmk_x_3
146 : eye_lmk_x_24
147 : eye_lmk_x_23
148 : eye_lmk_x_22
149 : eye_lmk_x_20
150 : eye_lmk_x_19
151 : eye_lmk_x_18
152 : eye_lmk_x_15
153 : eye_lmk_x_12
154 : eye_lmk_x_11
155 : eye_lmk_x_10
156 : eye_lmk_Z_8
157 : eye_lmk_Z_7
158 : eye_lmk_Z_6
159 : eye_lmk_Z_55
160 : eye_lmk_Z_53
161 : eye_lmk_Z_5
162 : eye_lmk_Z_49
163 : eye_lmk_Z_47
164 : eye_lmk_Z_46
165 : eye_lmk_Z_41
166 : eye_lmk_Z_40
167 : eye_lmk_Z_38
168 : eye_lmk_Z_37
169 : eye_lmk_Z_33
170 : eye_lmk_Z_31
171 : eye_lmk_Z_3
172 : eye_lmk_Z_28
173 : eye_lmk_Z_27
174 : eye_lmk_Z_26
175 : eye_lmk_Z_24
176 : eye_lmk_Z_23
177 : eye_lmk_Z_22
178 : eye_lmk_Z_21
179 : eye_lmk_Z_20
180 : eye_lmk_Z_2
181 : eye_lmk_Z_19
182 : eye_lmk_Z_18
183 : eye_lmk_Z_15
184 : eye_lmk_Z_14
185 : eye_lmk_Z_13
186 : eye_lmk_Z_12
187 : eye_lmk_Z_11
188 : eye_lmk_Z_1
189 : eye_lmk_Y_9
190 : eye_lmk_Y_8
191 : eye_lmk_Y_53
192 : eye_lmk_Y_52
193 : eye_lmk_Y_51
194 : eye_lmk_Y_50
195 : eye_lmk_Y_49
196 : eye_lmk_Y_47
197 : eye_lmk_Y_45
198 : eye_lmk_Y_44
199 : eye_lmk_Y_42
200 : eye_lmk_Y_40
201 : eye_lmk_Y_39
202 : eye_lmk_Y_37
203 : eye_lmk_Y_36
204 : eye_lmk_Y_35
205 : eye_lmk_Y_31
206 : eye_lmk_Y_30
207 : eye_lmk_Y_3
208 : eye_lmk_Y_26
209 : eye_lmk_Y_25
210 : eye_lmk_Y_23
211 : eye_lmk_Y_21
212 : eye_lmk_Y_2
213 : eye_lmk_Y_16
214 : eye_lmk_Y_13
215 : eye_lmk_Y_10
216 : eye_lmk_Y_0
217 : eye_lmk_X_9
218 : eye_lmk_X_7
219 : eye_lmk_X_54
220 : eye_lmk_X_53
221 : eye_lmk_X_52
222 : eye_lmk_X_48
223 : eye_lmk_X_47
224 : eye_lmk_X_44
225 : eye_lmk_X_43
226 : eye_lmk_X_38
227 : eye_lmk_X_35
228 : eye_lmk_X_33
229 : eye_lmk_X_32
230 : eye_lmk_X_30
231 : eye_lmk_X_29
232 : eye_lmk_X_28
233 : eye_lmk_X_25
234 : eye_lmk_X_22
235 : eye_lmk_X_2
236 : eye_lmk_X_18
237 : eye_lmk_X_13
238 : eye_lmk_X_12
239 : Z_8
240 : Z_7
241 : Z_6
242 : Z_58
243 : Z_57
244 : Z_56
245 : Z_55
246 : Z_54
247 : Z_52
248 : Z_51
249 : Z_50
250 : Z_49
251 : Z_48
252 : Z_47
253 : Z_44
254 : Z_42
255 : Z_34
256 : Z_33
257 : Z_32
258 : Z_3
259 : Z_29
260 : Z_28
261 : Z_26
262 : Z_24
263 : Z_21
264 : Z_20
265 : Z_2
266 : Z_19
267 : Z_17
268 : Z_16
269 : Z_15
270 : Z_13
271 : Z_12
272 : Z_10
273 : Z_0
274 : Y_9
275 : Y_7
276 : Y_65
277 : Y_63
278 : Y_62
279 : Y_6
280 : Y_58
281 : Y_56
282 : Y_55
283 : Y_54
284 : Y_53
285 : Y_50
286 : Y_5
287 : Y_49
288 : Y_48
289 : Y_47
290 : Y_40
291 : Y_39
292 : Y_36
293 : Y_34
294 : Y_32
295 : Y_30
296 : Y_28
297 : Y_26
298 : Y_23
299 : Y_22
300 : Y_20
301 : Y_19
302 : Y_17
303 : Y_16
304 : Y_15
305 : Y_12
306 : Y_10
307 : Y_1
308 : Y_0
309 : X_9
310 : X_67
311 : X_66
312 : X_61
313 : X_59
314 : X_58
315 : X_55
316 : X_53
317 : X_52
318 : X_51
319 : X_5
320 : X_49
321 : X_48
322 : X_46
323 : X_44
324 : X_41
325 : X_40
326 : X_4
327 : X_39
328 : X_38
329 : X_36
330 : X_34
331 : X_33
332 : X_3
333 : X_29
334 : X_28
335 : X_26
336 : X_23
337 : X_22
338 : X_21
339 : X_20
340 : X_2
341 : X_19
342 : X_17
343 : X_12
344 : X_11
345 : X_1
346 : X_0
347 : Sad
348 : AU28_c
349 : AU26_c
350 : AU25_r
351 : AU23_r
352 : AU15_r
353 : AU12_c
354 : AU10_r
355 : AU09_r
356 : AU09_c
357 : AU07_r
358 : AU06_r
359 : AU05_r
360 : AU04_c
361 : AU02_c
362 : AU01_r
363 : AU01_c
[76.74418604651163, 76.74418604651163, 81.3953488372093, 81.3953488372093, 81.3953488372093, 81.3953488372093, 81.3953488372093, 81.3953488372093, 81.3953488372093, 81.3953488372093, 81.3953488372093, 81.3953488372093, 81.3953488372093, 81.3953488372093, 81.3953488372093, 81.3953488372093, 81.3953488372093, 81.3953488372093, 81.3953488372093, 81.3953488372093, 81.3953488372093, 81.3953488372093, 81.3953488372093, 81.3953488372093, 81.3953488372093, 81.3953488372093, 81.3953488372093, 81.3953488372093, 81.3953488372093, 81.3953488372093, 81.3953488372093, 81.3953488372093, 81.3953488372093, 81.3953488372093, 81.3953488372093, 81.3953488372093, 81.3953488372093, 81.3953488372093, 81.3953488372093, 81.3953488372093, 81.3953488372093, 81.3953488372093, 81.3953488372093, 81.3953488372093, 81.3953488372093, 81.3953488372093, 81.3953488372093, 81.3953488372093, 81.3953488372093, 81.3953488372093]
Testing Accuracy of the best solution is : 77.77777777777779
