Mating : rank
Crossover : uniform
Mutation : inverse
Fitness
[74.41860465 74.41860465 72.09302326 76.74418605 76.74418605 76.74418605
 69.76744186 76.74418605 74.41860465 72.09302326]
76.74418604651163
Best fitness so far :  76.74418604651163
Parents
[[0. 1. 0. ... 0. 0. 1.]
 [0. 0. 1. ... 0. 1. 0.]]
Crossover
[[0. 1. 0. ... 0. 1. 1.]
 [0. 1. 1. ... 0. 0. 0.]
 [0. 1. 0. ... 0. 1. 0.]
 ...
 [0. 1. 0. ... 0. 0. 0.]
 [0. 1. 0. ... 0. 0. 0.]
 [0. 1. 1. ... 0. 0. 1.]]
Mutation
[[0. 1. 0. ... 0. 1. 1.]
 [0. 1. 1. ... 0. 0. 0.]
 [0. 1. 0. ... 0. 1. 0.]
 ...
 [0. 1. 0. ... 0. 0. 0.]
 [0. 1. 0. ... 0. 0. 0.]
 [0. 1. 1. ... 0. 0. 1.]]
Fitness
[76.74418605 76.74418605 74.41860465 72.09302326 79.06976744 74.41860465
 76.74418605 74.41860465 74.41860465 76.74418605]
79.06976744186046
Best fitness so far :  79.06976744186046
Parents
[[0. 1. 0. ... 0. 1. 0.]
 [0. 1. 0. ... 0. 0. 1.]]
Crossover
[[0. 1. 0. ... 0. 1. 1.]
 [0. 1. 0. ... 0. 1. 1.]
 [0. 1. 0. ... 0. 1. 0.]
 ...
 [0. 1. 0. ... 0. 1. 0.]
 [0. 1. 0. ... 0. 0. 0.]
 [0. 1. 0. ... 0. 1. 1.]]
Mutation
[[0. 1. 0. ... 0. 1. 1.]
 [0. 1. 0. ... 0. 1. 1.]
 [0. 1. 0. ... 0. 1. 0.]
 ...
 [0. 1. 0. ... 0. 1. 0.]
 [0. 1. 0. ... 0. 0. 0.]
 [0. 1. 0. ... 0. 1. 1.]]
Fitness
[79.06976744 76.74418605 76.74418605 76.74418605 76.74418605 79.06976744
 74.41860465 74.41860465 76.74418605 76.74418605]
79.06976744186046
Best fitness so far :  79.06976744186046
Parents
[[0. 1. 0. ... 0. 1. 0.]
 [0. 1. 0. ... 0. 1. 1.]]
Crossover
[[0. 1. 0. ... 0. 1. 0.]
 [0. 1. 0. ... 0. 1. 0.]
 [0. 1. 0. ... 0. 1. 0.]
 ...
 [0. 1. 0. ... 0. 1. 1.]
 [0. 1. 0. ... 0. 1. 0.]
 [0. 1. 0. ... 0. 1. 1.]]
Mutation
[[0. 1. 0. ... 0. 1. 0.]
 [0. 1. 0. ... 0. 1. 0.]
 [0. 1. 0. ... 0. 1. 0.]
 ...
 [0. 1. 0. ... 0. 1. 1.]
 [0. 1. 0. ... 0. 1. 0.]
 [0. 1. 0. ... 0. 1. 1.]]
Fitness
[79.06976744 79.06976744 74.41860465 79.06976744 74.41860465 74.41860465
 76.74418605 76.74418605 74.41860465 74.41860465]
79.06976744186046
Best fitness so far :  79.06976744186046
Parents
[[0. 1. 0. ... 0. 1. 0.]
 [0. 1. 0. ... 0. 1. 1.]]
Crossover
[[0. 1. 0. ... 0. 1. 1.]
 [0. 1. 0. ... 0. 1. 0.]
 [0. 1. 0. ... 0. 1. 1.]
 ...
 [0. 1. 0. ... 0. 1. 1.]
 [0. 1. 0. ... 0. 1. 1.]
 [0. 1. 0. ... 0. 1. 0.]]
Mutation
[[0. 1. 0. ... 0. 1. 1.]
 [0. 1. 0. ... 0. 1. 0.]
 [0. 1. 0. ... 0. 1. 1.]
 ...
 [0. 1. 0. ... 0. 1. 1.]
 [0. 1. 0. ... 0. 1. 1.]
 [0. 1. 0. ... 0. 1. 0.]]
Fitness
[79.06976744 79.06976744 74.41860465 74.41860465 79.06976744 74.41860465
 79.06976744 79.06976744 76.74418605 79.06976744]
79.06976744186046
Best fitness so far :  79.06976744186046
Parents
[[0. 1. 0. ... 0. 1. 0.]
 [0. 1. 0. ... 0. 1. 1.]]
Crossover
[[0. 1. 0. ... 0. 1. 0.]
 [0. 1. 0. ... 0. 1. 1.]
 [0. 1. 0. ... 0. 1. 0.]
 ...
 [0. 1. 0. ... 0. 1. 0.]
 [0. 1. 0. ... 0. 1. 0.]
 [0. 1. 0. ... 0. 1. 1.]]
Mutation
[[0. 1. 0. ... 0. 1. 0.]
 [0. 1. 0. ... 0. 1. 1.]
 [0. 1. 0. ... 0. 1. 0.]
 ...
 [0. 1. 0. ... 0. 1. 0.]
 [0. 1. 0. ... 0. 1. 0.]
 [0. 1. 0. ... 0. 1. 1.]]
Fitness
[79.06976744 79.06976744 76.74418605 72.09302326 74.41860465 79.06976744
 74.41860465 74.41860465 79.06976744 76.74418605]
79.06976744186046
Best fitness so far :  79.06976744186046
Parents
[[0. 1. 0. ... 0. 1. 0.]
 [0. 1. 0. ... 0. 1. 1.]]
Crossover
[[0. 1. 0. ... 0. 1. 0.]
 [0. 1. 0. ... 0. 1. 1.]
 [0. 1. 0. ... 0. 1. 0.]
 ...
 [0. 1. 0. ... 0. 1. 1.]
 [0. 1. 0. ... 0. 1. 1.]
 [0. 1. 0. ... 0. 1. 0.]]
Mutation
[[0. 1. 0. ... 0. 1. 0.]
 [0. 1. 0. ... 0. 1. 1.]
 [0. 1. 0. ... 0. 1. 0.]
 ...
 [0. 1. 0. ... 0. 1. 1.]
 [0. 1. 0. ... 0. 1. 1.]
 [0. 1. 0. ... 0. 1. 0.]]
Fitness
[79.06976744 79.06976744 76.74418605 72.09302326 74.41860465 76.74418605
 76.74418605 74.41860465 72.09302326 79.06976744]
79.06976744186046
Best fitness so far :  79.06976744186046
Parents
[[0. 1. 0. ... 0. 1. 0.]
 [0. 1. 0. ... 0. 1. 1.]]
Crossover
[[0. 1. 0. ... 0. 1. 0.]
 [0. 1. 0. ... 0. 1. 1.]
 [0. 1. 0. ... 0. 1. 0.]
 ...
 [0. 1. 0. ... 0. 1. 1.]
 [0. 1. 0. ... 0. 1. 1.]
 [0. 1. 0. ... 0. 1. 1.]]
Mutation
[[0. 1. 0. ... 0. 1. 0.]
 [0. 1. 0. ... 0. 1. 1.]
 [0. 1. 0. ... 0. 1. 0.]
 ...
 [0. 1. 0. ... 0. 1. 1.]
 [0. 1. 0. ... 0. 1. 1.]
 [0. 1. 0. ... 0. 1. 1.]]
Fitness
[79.06976744 79.06976744 76.74418605 76.74418605 76.74418605 74.41860465
 76.74418605 76.74418605 79.06976744 74.41860465]
79.06976744186046
Best fitness so far :  79.06976744186046
Parents
[[0. 1. 0. ... 0. 1. 0.]
 [0. 1. 0. ... 0. 1. 1.]]
Crossover
[[0. 1. 0. ... 0. 1. 0.]
 [0. 1. 0. ... 0. 1. 1.]
 [0. 1. 0. ... 0. 1. 0.]
 ...
 [0. 1. 0. ... 0. 1. 1.]
 [0. 1. 0. ... 0. 1. 0.]
 [0. 1. 0. ... 0. 1. 1.]]
Mutation
[[0. 1. 0. ... 0. 1. 0.]
 [0. 1. 0. ... 0. 1. 1.]
 [0. 1. 0. ... 0. 1. 0.]
 ...
 [0. 1. 0. ... 0. 1. 1.]
 [0. 1. 0. ... 0. 1. 0.]
 [0. 1. 0. ... 0. 1. 1.]]
Fitness
[79.06976744 79.06976744 76.74418605 76.74418605 76.74418605 76.74418605
 76.74418605 74.41860465 76.74418605 76.74418605]
79.06976744186046
Best fitness so far :  79.06976744186046
Parents
[[0. 1. 0. ... 0. 1. 0.]
 [0. 1. 0. ... 0. 1. 1.]]
Crossover
[[0. 1. 0. ... 0. 1. 1.]
 [0. 1. 0. ... 0. 1. 0.]
 [0. 1. 0. ... 0. 1. 0.]
 ...
 [0. 1. 0. ... 0. 1. 0.]
 [0. 1. 0. ... 0. 1. 1.]
 [0. 1. 0. ... 0. 1. 0.]]
Mutation
[[0. 1. 0. ... 0. 1. 1.]
 [0. 1. 0. ... 0. 1. 0.]
 [0. 1. 0. ... 0. 1. 0.]
 ...
 [0. 1. 0. ... 0. 1. 0.]
 [0. 1. 0. ... 0. 1. 1.]
 [0. 1. 0. ... 0. 1. 0.]]
Fitness
[79.06976744 79.06976744 72.09302326 79.06976744 76.74418605 74.41860465
 76.74418605 72.09302326 76.74418605 79.06976744]
79.06976744186046
Best fitness so far :  79.06976744186046
Parents
[[0. 1. 0. ... 0. 1. 0.]
 [0. 1. 0. ... 0. 1. 1.]]
Crossover
[[0. 1. 0. ... 0. 1. 1.]
 [0. 1. 0. ... 0. 1. 0.]
 [0. 1. 0. ... 0. 1. 0.]
 ...
 [0. 1. 0. ... 0. 1. 1.]
 [0. 1. 0. ... 0. 1. 0.]
 [0. 1. 0. ... 0. 1. 1.]]
Mutation
[[0. 1. 0. ... 0. 1. 1.]
 [0. 1. 0. ... 0. 1. 0.]
 [0. 1. 0. ... 0. 1. 0.]
 ...
 [0. 1. 0. ... 0. 1. 1.]
 [0. 1. 0. ... 0. 1. 0.]
 [0. 1. 0. ... 0. 1. 1.]]
Fitness
[79.06976744 79.06976744 76.74418605 76.74418605 74.41860465 79.06976744
 76.74418605 76.74418605 76.74418605 76.74418605]
79.06976744186046
Best fitness so far :  79.06976744186046
Parents
[[0. 1. 0. ... 0. 1. 0.]
 [0. 1. 0. ... 0. 1. 1.]]
Crossover
[[0. 1. 0. ... 0. 1. 1.]
 [0. 1. 0. ... 0. 1. 0.]
 [0. 1. 0. ... 0. 1. 1.]
 ...
 [0. 1. 0. ... 0. 1. 1.]
 [0. 1. 0. ... 0. 1. 1.]
 [0. 1. 0. ... 0. 1. 1.]]
Mutation
[[0. 1. 0. ... 0. 1. 1.]
 [0. 1. 0. ... 0. 1. 0.]
 [0. 1. 0. ... 0. 1. 1.]
 ...
 [0. 1. 0. ... 0. 1. 1.]
 [0. 1. 0. ... 0. 1. 1.]
 [0. 1. 0. ... 0. 1. 1.]]
Fitness
[79.06976744 79.06976744 74.41860465 74.41860465 74.41860465 76.74418605
 76.74418605 76.74418605 76.74418605 76.74418605]
79.06976744186046
Best fitness so far :  79.06976744186046
Parents
[[0. 1. 0. ... 0. 1. 0.]
 [0. 1. 0. ... 0. 1. 1.]]
Crossover
[[0. 1. 0. ... 0. 1. 1.]
 [0. 1. 0. ... 0. 1. 0.]
 [0. 1. 0. ... 0. 1. 1.]
 ...
 [0. 1. 0. ... 0. 1. 1.]
 [0. 1. 0. ... 0. 1. 0.]
 [0. 1. 0. ... 0. 1. 1.]]
Mutation
[[0. 1. 0. ... 0. 1. 1.]
 [0. 1. 0. ... 0. 1. 0.]
 [0. 1. 0. ... 0. 1. 1.]
 ...
 [0. 1. 0. ... 0. 1. 1.]
 [0. 1. 0. ... 0. 1. 0.]
 [0. 1. 0. ... 0. 1. 1.]]
Fitness
[79.06976744 79.06976744 76.74418605 76.74418605 74.41860465 74.41860465
 76.74418605 76.74418605 76.74418605 74.41860465]
79.06976744186046
Best fitness so far :  79.06976744186046
Parents
[[0. 1. 0. ... 0. 1. 0.]
 [0. 1. 0. ... 0. 1. 1.]]
Crossover
[[0. 1. 0. ... 0. 1. 0.]
 [0. 1. 0. ... 0. 1. 1.]
 [0. 1. 0. ... 0. 1. 1.]
 ...
 [0. 1. 0. ... 0. 1. 1.]
 [0. 1. 0. ... 0. 1. 0.]
 [0. 1. 0. ... 0. 1. 1.]]
Mutation
[[0. 1. 0. ... 0. 1. 0.]
 [0. 1. 0. ... 0. 1. 1.]
 [0. 1. 0. ... 0. 1. 1.]
 ...
 [0. 1. 0. ... 0. 1. 1.]
 [0. 1. 0. ... 0. 1. 0.]
 [0. 1. 0. ... 0. 1. 1.]]
Fitness
[79.06976744 79.06976744 76.74418605 76.74418605 76.74418605 74.41860465
 76.74418605 79.06976744 76.74418605 79.06976744]
79.06976744186046
Best fitness so far :  79.06976744186046
Parents
[[0. 1. 0. ... 0. 1. 0.]
 [0. 1. 0. ... 0. 1. 1.]]
Crossover
[[0. 1. 0. ... 0. 1. 0.]
 [0. 1. 0. ... 0. 1. 1.]
 [0. 1. 0. ... 0. 1. 0.]
 ...
 [0. 1. 0. ... 0. 1. 0.]
 [0. 1. 0. ... 0. 1. 1.]
 [0. 1. 0. ... 0. 1. 0.]]
Mutation
[[0. 1. 0. ... 0. 1. 0.]
 [0. 1. 0. ... 0. 1. 1.]
 [0. 1. 0. ... 0. 1. 0.]
 ...
 [0. 1. 0. ... 0. 1. 0.]
 [0. 1. 0. ... 0. 1. 1.]
 [0. 1. 0. ... 0. 1. 0.]]
Fitness
[79.06976744 79.06976744 74.41860465 74.41860465 76.74418605 76.74418605
 76.74418605 79.06976744 74.41860465 74.41860465]
79.06976744186046
Best fitness so far :  79.06976744186046
Parents
[[0. 1. 0. ... 0. 1. 0.]
 [0. 1. 0. ... 0. 1. 1.]]
Crossover
[[0. 1. 0. ... 0. 1. 1.]
 [0. 1. 0. ... 0. 1. 1.]
 [0. 1. 0. ... 0. 1. 1.]
 ...
 [0. 1. 0. ... 0. 1. 0.]
 [0. 1. 0. ... 0. 1. 1.]
 [0. 1. 0. ... 0. 1. 0.]]
Mutation
[[0. 1. 0. ... 0. 1. 1.]
 [0. 1. 0. ... 0. 1. 1.]
 [0. 1. 0. ... 0. 1. 1.]
 ...
 [0. 1. 0. ... 0. 1. 0.]
 [0. 1. 0. ... 0. 1. 1.]
 [0. 1. 0. ... 0. 1. 0.]]
Fitness
[79.06976744 79.06976744 76.74418605 76.74418605 79.06976744 74.41860465
 76.74418605 74.41860465 74.41860465 74.41860465]
79.06976744186046
Best fitness so far :  79.06976744186046
Parents
[[0. 1. 0. ... 0. 1. 0.]
 [0. 1. 0. ... 0. 1. 1.]]
Crossover
[[0. 1. 0. ... 0. 1. 1.]
 [0. 1. 0. ... 0. 1. 1.]
 [0. 1. 0. ... 0. 1. 0.]
 ...
 [0. 1. 0. ... 0. 1. 1.]
 [0. 1. 0. ... 0. 1. 0.]
 [0. 1. 0. ... 0. 1. 0.]]
Mutation
[[0. 1. 0. ... 0. 1. 1.]
 [0. 1. 0. ... 0. 1. 1.]
 [0. 1. 0. ... 0. 1. 0.]
 ...
 [0. 1. 0. ... 0. 1. 1.]
 [0. 1. 0. ... 0. 1. 0.]
 [0. 1. 0. ... 0. 1. 0.]]
Fitness
[79.06976744 79.06976744 76.74418605 72.09302326 79.06976744 74.41860465
 79.06976744 76.74418605 79.06976744 74.41860465]
79.06976744186046
Best fitness so far :  79.06976744186046
Parents
[[0. 1. 0. ... 0. 1. 0.]
 [0. 1. 0. ... 0. 1. 1.]]
Crossover
[[0. 1. 0. ... 0. 1. 0.]
 [0. 1. 0. ... 0. 1. 0.]
 [0. 1. 0. ... 0. 1. 0.]
 ...
 [0. 1. 0. ... 0. 1. 1.]
 [0. 1. 0. ... 0. 1. 0.]
 [0. 1. 0. ... 0. 1. 1.]]
Mutation
[[0. 1. 0. ... 0. 1. 0.]
 [0. 1. 0. ... 0. 1. 0.]
 [0. 1. 0. ... 0. 1. 0.]
 ...
 [0. 1. 0. ... 0. 1. 1.]
 [0. 1. 0. ... 0. 1. 0.]
 [0. 1. 0. ... 0. 1. 1.]]
Fitness
[79.06976744 79.06976744 79.06976744 74.41860465 74.41860465 79.06976744
 74.41860465 74.41860465 76.74418605 74.41860465]
79.06976744186046
Best fitness so far :  79.06976744186046
Parents
[[0. 1. 0. ... 0. 1. 0.]
 [0. 1. 0. ... 0. 1. 1.]]
Crossover
[[0. 1. 0. ... 0. 1. 0.]
 [0. 1. 0. ... 0. 1. 0.]
 [0. 1. 0. ... 0. 1. 1.]
 ...
 [0. 1. 0. ... 0. 1. 1.]
 [0. 1. 0. ... 0. 1. 1.]
 [0. 1. 0. ... 0. 1. 1.]]
Mutation
[[0. 1. 0. ... 0. 1. 0.]
 [0. 1. 0. ... 0. 1. 0.]
 [0. 1. 0. ... 0. 1. 1.]
 ...
 [0. 1. 0. ... 0. 1. 1.]
 [0. 1. 0. ... 0. 1. 1.]
 [0. 1. 0. ... 0. 1. 1.]]
Fitness
[79.06976744 79.06976744 76.74418605 74.41860465 76.74418605 76.74418605
 74.41860465 76.74418605 79.06976744 76.74418605]
79.06976744186046
Best fitness so far :  79.06976744186046
Parents
[[0. 1. 0. ... 0. 1. 0.]
 [0. 1. 0. ... 0. 1. 1.]]
Crossover
[[0. 1. 0. ... 0. 1. 1.]
 [0. 1. 0. ... 0. 1. 1.]
 [0. 1. 0. ... 0. 1. 0.]
 ...
 [0. 1. 0. ... 0. 1. 1.]
 [0. 1. 0. ... 0. 1. 0.]
 [0. 1. 0. ... 0. 1. 1.]]
Mutation
[[0. 1. 0. ... 0. 1. 1.]
 [0. 1. 0. ... 0. 1. 1.]
 [0. 1. 0. ... 0. 1. 0.]
 ...
 [0. 1. 0. ... 0. 1. 1.]
 [0. 1. 0. ... 0. 1. 0.]
 [0. 1. 0. ... 0. 1. 1.]]
Fitness
[79.06976744 79.06976744 76.74418605 76.74418605 74.41860465 74.41860465
 79.06976744 74.41860465 76.74418605 76.74418605]
79.06976744186046
Best fitness so far :  79.06976744186046
Parents
[[0. 1. 0. ... 0. 1. 0.]
 [0. 1. 0. ... 0. 1. 1.]]
Crossover
[[0. 1. 0. ... 0. 1. 0.]
 [0. 1. 0. ... 0. 1. 0.]
 [0. 1. 0. ... 0. 1. 0.]
 ...
 [0. 1. 0. ... 0. 1. 0.]
 [0. 1. 0. ... 0. 1. 1.]
 [0. 1. 0. ... 0. 1. 0.]]
Mutation
[[0. 1. 0. ... 0. 1. 0.]
 [0. 1. 0. ... 0. 1. 0.]
 [0. 1. 0. ... 0. 1. 0.]
 ...
 [0. 1. 0. ... 0. 1. 0.]
 [0. 1. 0. ... 0. 1. 1.]
 [0. 1. 0. ... 0. 1. 0.]]
Fitness
[79.06976744 79.06976744 74.41860465 74.41860465 72.09302326 74.41860465
 76.74418605 76.74418605 76.74418605 79.06976744]
79.06976744186046
Best fitness so far :  79.06976744186046
Parents
[[0. 1. 0. ... 0. 1. 0.]
 [0. 1. 0. ... 0. 1. 1.]]
Crossover
[[0. 1. 0. ... 0. 1. 0.]
 [0. 1. 0. ... 0. 1. 0.]
 [0. 1. 0. ... 0. 1. 0.]
 ...
 [0. 1. 0. ... 0. 1. 1.]
 [0. 1. 0. ... 0. 1. 1.]
 [0. 1. 0. ... 0. 1. 1.]]
Mutation
[[0. 1. 0. ... 0. 1. 0.]
 [0. 1. 0. ... 0. 1. 0.]
 [0. 1. 0. ... 0. 1. 0.]
 ...
 [0. 1. 0. ... 0. 1. 1.]
 [0. 1. 0. ... 0. 1. 1.]
 [0. 1. 0. ... 0. 1. 1.]]
Fitness
[79.06976744 79.06976744 74.41860465 76.74418605 76.74418605 76.74418605
 76.74418605 74.41860465 74.41860465 76.74418605]
79.06976744186046
Best fitness so far :  79.06976744186046
Parents
[[0. 1. 0. ... 0. 1. 0.]
 [0. 1. 0. ... 0. 1. 1.]]
Crossover
[[0. 1. 0. ... 0. 1. 0.]
 [0. 1. 0. ... 0. 1. 1.]
 [0. 1. 0. ... 0. 1. 1.]
 ...
 [0. 1. 0. ... 0. 1. 1.]
 [0. 1. 0. ... 0. 1. 1.]
 [0. 1. 0. ... 0. 1. 1.]]
Mutation
[[0. 1. 0. ... 0. 1. 0.]
 [0. 1. 0. ... 0. 1. 1.]
 [0. 1. 0. ... 0. 1. 1.]
 ...
 [0. 1. 0. ... 0. 1. 1.]
 [0. 1. 0. ... 0. 1. 1.]
 [0. 1. 0. ... 0. 1. 1.]]
Fitness
[79.06976744 79.06976744 76.74418605 79.06976744 76.74418605 76.74418605
 76.74418605 76.74418605 74.41860465 76.74418605]
79.06976744186046
Best fitness so far :  79.06976744186046
Parents
[[0. 1. 0. ... 0. 1. 0.]
 [0. 1. 0. ... 0. 1. 1.]]
Crossover
[[0. 1. 0. ... 0. 1. 0.]
 [0. 1. 0. ... 0. 1. 0.]
 [0. 1. 0. ... 0. 1. 0.]
 ...
 [0. 1. 0. ... 0. 1. 1.]
 [0. 1. 0. ... 0. 1. 0.]
 [0. 1. 0. ... 0. 1. 0.]]
Mutation
[[0. 1. 0. ... 0. 1. 0.]
 [0. 1. 0. ... 0. 1. 0.]
 [0. 1. 0. ... 0. 1. 0.]
 ...
 [0. 1. 0. ... 0. 1. 1.]
 [0. 1. 0. ... 0. 1. 0.]
 [0. 1. 0. ... 0. 1. 0.]]
Fitness
[79.06976744 79.06976744 76.74418605 74.41860465 76.74418605 76.74418605
 74.41860465 76.74418605 76.74418605 79.06976744]
79.06976744186046
Best fitness so far :  79.06976744186046
Parents
[[0. 1. 0. ... 0. 1. 0.]
 [0. 1. 0. ... 0. 1. 1.]]
Crossover
[[0. 1. 0. ... 0. 1. 0.]
 [0. 1. 0. ... 0. 1. 1.]
 [0. 1. 0. ... 0. 1. 1.]
 ...
 [0. 1. 0. ... 0. 1. 1.]
 [0. 1. 0. ... 0. 1. 1.]
 [0. 1. 0. ... 0. 1. 1.]]
Mutation
[[0. 1. 0. ... 0. 1. 0.]
 [0. 1. 0. ... 0. 1. 1.]
 [0. 1. 0. ... 0. 1. 1.]
 ...
 [0. 1. 0. ... 0. 1. 1.]
 [0. 1. 0. ... 0. 1. 1.]
 [0. 1. 0. ... 0. 1. 1.]]
Fitness
[79.06976744 79.06976744 76.74418605 79.06976744 79.06976744 76.74418605
 76.74418605 74.41860465 74.41860465 74.41860465]
79.06976744186046
Best fitness so far :  79.06976744186046
Parents
[[0. 1. 0. ... 0. 1. 0.]
 [0. 1. 0. ... 0. 1. 1.]]
Crossover
[[0. 1. 0. ... 0. 1. 0.]
 [0. 1. 0. ... 0. 1. 1.]
 [0. 1. 0. ... 0. 1. 0.]
 ...
 [0. 1. 0. ... 0. 1. 1.]
 [0. 1. 0. ... 0. 1. 1.]
 [0. 1. 0. ... 0. 1. 1.]]
Mutation
[[0. 1. 0. ... 0. 1. 0.]
 [0. 1. 0. ... 0. 1. 1.]
 [0. 1. 0. ... 0. 1. 0.]
 ...
 [0. 1. 0. ... 0. 1. 1.]
 [0. 1. 0. ... 0. 1. 1.]
 [0. 1. 0. ... 0. 1. 1.]]
Fitness
[79.06976744 79.06976744 76.74418605 74.41860465 76.74418605 74.41860465
 76.74418605 79.06976744 74.41860465 76.74418605]
79.06976744186046
Best fitness so far :  79.06976744186046
Parents
[[0. 1. 0. ... 0. 1. 0.]
 [0. 1. 0. ... 0. 1. 1.]]
Crossover
[[0. 1. 0. ... 0. 1. 0.]
 [0. 1. 0. ... 0. 1. 1.]
 [0. 1. 0. ... 0. 1. 0.]
 ...
 [0. 1. 0. ... 0. 1. 0.]
 [0. 1. 0. ... 0. 1. 1.]
 [0. 1. 0. ... 0. 1. 0.]]
Mutation
[[0. 1. 0. ... 0. 1. 0.]
 [0. 1. 0. ... 0. 1. 1.]
 [0. 1. 0. ... 0. 1. 0.]
 ...
 [0. 1. 0. ... 0. 1. 0.]
 [0. 1. 0. ... 0. 1. 1.]
 [0. 1. 0. ... 0. 1. 0.]]
Fitness
[79.06976744 79.06976744 74.41860465 76.74418605 74.41860465 74.41860465
 74.41860465 74.41860465 74.41860465 76.74418605]
79.06976744186046
Best fitness so far :  79.06976744186046
Parents
[[0. 1. 0. ... 0. 1. 0.]
 [0. 1. 0. ... 0. 1. 1.]]
Crossover
[[0. 1. 0. ... 0. 1. 0.]
 [0. 1. 0. ... 0. 1. 0.]
 [0. 1. 0. ... 0. 1. 0.]
 ...
 [0. 1. 0. ... 0. 1. 1.]
 [0. 1. 0. ... 0. 1. 0.]
 [0. 1. 0. ... 0. 1. 1.]]
Mutation
[[0. 1. 0. ... 0. 1. 0.]
 [0. 1. 0. ... 0. 1. 0.]
 [0. 1. 0. ... 0. 1. 0.]
 ...
 [0. 1. 0. ... 0. 1. 1.]
 [0. 1. 0. ... 0. 1. 0.]
 [0. 1. 0. ... 0. 1. 1.]]
Fitness
[79.06976744 79.06976744 76.74418605 74.41860465 76.74418605 76.74418605
 74.41860465 74.41860465 79.06976744 74.41860465]
79.06976744186046
Best fitness so far :  79.06976744186046
Parents
[[0. 1. 0. ... 0. 1. 0.]
 [0. 1. 0. ... 0. 1. 1.]]
Crossover
[[0. 1. 0. ... 0. 1. 0.]
 [0. 1. 0. ... 0. 1. 0.]
 [0. 1. 0. ... 0. 1. 0.]
 ...
 [0. 1. 0. ... 0. 1. 0.]
 [0. 1. 0. ... 0. 1. 1.]
 [0. 1. 0. ... 0. 1. 1.]]
Mutation
[[0. 1. 0. ... 0. 1. 0.]
 [0. 1. 0. ... 0. 1. 0.]
 [0. 1. 0. ... 0. 1. 0.]
 ...
 [0. 1. 0. ... 0. 1. 0.]
 [0. 1. 0. ... 0. 1. 1.]
 [0. 1. 0. ... 0. 1. 1.]]
Fitness
[79.06976744 79.06976744 76.74418605 76.74418605 76.74418605 79.06976744
 76.74418605 76.74418605 74.41860465 74.41860465]
79.06976744186046
Best fitness so far :  79.06976744186046
Parents
[[0. 1. 0. ... 0. 1. 0.]
 [0. 1. 0. ... 0. 1. 1.]]
Crossover
[[0. 1. 0. ... 0. 1. 0.]
 [0. 1. 0. ... 0. 1. 1.]
 [0. 1. 0. ... 0. 1. 1.]
 ...
 [0. 1. 0. ... 0. 1. 1.]
 [0. 1. 0. ... 0. 1. 1.]
 [0. 1. 0. ... 0. 1. 1.]]
Mutation
[[0. 1. 0. ... 0. 1. 0.]
 [0. 1. 0. ... 0. 1. 1.]
 [0. 1. 0. ... 0. 1. 1.]
 ...
 [0. 1. 0. ... 0. 1. 1.]
 [0. 1. 0. ... 0. 1. 1.]
 [0. 1. 0. ... 0. 1. 1.]]
Fitness
[79.06976744 79.06976744 79.06976744 76.74418605 76.74418605 76.74418605
 74.41860465 76.74418605 76.74418605 79.06976744]
79.06976744186046
Best fitness so far :  79.06976744186046
Parents
[[0. 1. 0. ... 0. 1. 0.]
 [0. 1. 0. ... 0. 1. 1.]]
Crossover
[[0. 1. 0. ... 0. 1. 1.]
 [0. 1. 0. ... 0. 1. 0.]
 [0. 1. 0. ... 0. 1. 0.]
 ...
 [0. 1. 0. ... 0. 1. 0.]
 [0. 1. 0. ... 0. 1. 1.]
 [0. 1. 0. ... 0. 1. 0.]]
Mutation
[[0. 1. 0. ... 0. 1. 1.]
 [0. 1. 0. ... 0. 1. 0.]
 [0. 1. 0. ... 0. 1. 0.]
 ...
 [0. 1. 0. ... 0. 1. 0.]
 [0. 1. 0. ... 0. 1. 1.]
 [0. 1. 0. ... 0. 1. 0.]]
Fitness
[79.06976744 79.06976744 76.74418605 76.74418605 76.74418605 76.74418605
 76.74418605 76.74418605 74.41860465 76.74418605]
79.06976744186046
Best fitness so far :  79.06976744186046
Parents
[[0. 1. 0. ... 0. 1. 0.]
 [0. 1. 0. ... 0. 1. 1.]]
Crossover
[[0. 1. 0. ... 0. 1. 1.]
 [0. 1. 0. ... 0. 1. 0.]
 [0. 1. 0. ... 0. 1. 0.]
 ...
 [0. 1. 0. ... 0. 1. 1.]
 [0. 1. 0. ... 0. 1. 1.]
 [0. 1. 0. ... 0. 1. 1.]]
Mutation
[[0. 1. 0. ... 0. 1. 1.]
 [0. 1. 0. ... 0. 1. 0.]
 [0. 1. 0. ... 0. 1. 0.]
 ...
 [0. 1. 0. ... 0. 1. 1.]
 [0. 1. 0. ... 0. 1. 1.]
 [0. 1. 0. ... 0. 1. 1.]]
Fitness
[79.06976744 79.06976744 76.74418605 76.74418605 76.74418605 76.74418605
 79.06976744 74.41860465 76.74418605 72.09302326]
79.06976744186046
Best fitness so far :  79.06976744186046
Parents
[[0. 1. 0. ... 0. 1. 0.]
 [0. 1. 0. ... 0. 1. 1.]]
Crossover
[[0. 1. 0. ... 0. 1. 0.]
 [0. 1. 0. ... 0. 1. 0.]
 [0. 1. 0. ... 0. 1. 1.]
 ...
 [0. 1. 0. ... 0. 1. 1.]
 [0. 1. 0. ... 0. 1. 0.]
 [0. 1. 0. ... 0. 1. 0.]]
Mutation
[[0. 1. 0. ... 0. 1. 0.]
 [0. 1. 0. ... 0. 1. 0.]
 [0. 1. 0. ... 0. 1. 1.]
 ...
 [0. 1. 0. ... 0. 1. 1.]
 [0. 1. 0. ... 0. 1. 0.]
 [0. 1. 0. ... 0. 1. 0.]]
Fitness
[79.06976744 79.06976744 72.09302326 76.74418605 76.74418605 76.74418605
 76.74418605 76.74418605 72.09302326 76.74418605]
79.06976744186046
Best fitness so far :  79.06976744186046
Parents
[[0. 1. 0. ... 0. 1. 0.]
 [0. 1. 0. ... 0. 1. 1.]]
Crossover
[[0. 1. 0. ... 0. 1. 1.]
 [0. 1. 0. ... 0. 1. 1.]
 [0. 1. 0. ... 0. 1. 0.]
 ...
 [0. 1. 0. ... 0. 1. 0.]
 [0. 1. 0. ... 0. 1. 0.]
 [0. 1. 0. ... 0. 1. 0.]]
Mutation
[[0. 1. 0. ... 0. 1. 1.]
 [0. 1. 0. ... 0. 1. 1.]
 [0. 1. 0. ... 0. 1. 0.]
 ...
 [0. 1. 0. ... 0. 1. 0.]
 [0. 1. 0. ... 0. 1. 0.]
 [0. 1. 0. ... 0. 1. 0.]]
Fitness
[79.06976744 79.06976744 74.41860465 74.41860465 74.41860465 76.74418605
 74.41860465 74.41860465 79.06976744 74.41860465]
79.06976744186046
Best fitness so far :  79.06976744186046
Parents
[[0. 1. 0. ... 0. 1. 0.]
 [0. 1. 0. ... 0. 1. 1.]]
Crossover
[[0. 1. 0. ... 0. 1. 0.]
 [0. 1. 0. ... 0. 1. 0.]
 [0. 1. 0. ... 0. 1. 0.]
 ...
 [0. 1. 0. ... 0. 1. 0.]
 [0. 1. 0. ... 0. 1. 0.]
 [0. 1. 0. ... 0. 1. 1.]]
Mutation
[[0. 1. 0. ... 0. 1. 0.]
 [0. 1. 0. ... 0. 1. 0.]
 [0. 1. 0. ... 0. 1. 0.]
 ...
 [0. 1. 0. ... 0. 1. 0.]
 [0. 1. 0. ... 0. 1. 0.]
 [0. 1. 0. ... 0. 1. 1.]]
Fitness
[79.06976744 79.06976744 76.74418605 72.09302326 74.41860465 72.09302326
 76.74418605 74.41860465 76.74418605 76.74418605]
79.06976744186046
Best fitness so far :  79.06976744186046
Parents
[[0. 1. 0. ... 0. 1. 0.]
 [0. 1. 0. ... 0. 1. 1.]]
Crossover
[[0. 1. 0. ... 0. 1. 0.]
 [0. 1. 0. ... 0. 1. 0.]
 [0. 1. 0. ... 0. 1. 1.]
 ...
 [0. 1. 0. ... 0. 1. 1.]
 [0. 1. 0. ... 0. 1. 0.]
 [0. 1. 0. ... 0. 1. 1.]]
Mutation
[[0. 1. 0. ... 0. 1. 0.]
 [0. 1. 0. ... 0. 1. 0.]
 [0. 1. 0. ... 0. 1. 1.]
 ...
 [0. 1. 0. ... 0. 1. 1.]
 [0. 1. 0. ... 0. 1. 0.]
 [0. 1. 0. ... 0. 1. 1.]]
Fitness
[79.06976744 79.06976744 76.74418605 76.74418605 74.41860465 79.06976744
 74.41860465 76.74418605 76.74418605 74.41860465]
79.06976744186046
Best fitness so far :  79.06976744186046
Parents
[[0. 1. 0. ... 0. 1. 0.]
 [0. 1. 0. ... 0. 1. 1.]]
Crossover
[[0. 1. 0. ... 0. 1. 0.]
 [0. 1. 0. ... 0. 1. 0.]
 [0. 1. 0. ... 0. 1. 0.]
 ...
 [0. 1. 0. ... 0. 1. 0.]
 [0. 1. 0. ... 0. 1. 0.]
 [0. 1. 0. ... 0. 1. 0.]]
Mutation
[[0. 1. 0. ... 0. 1. 0.]
 [0. 1. 0. ... 0. 1. 0.]
 [0. 1. 0. ... 0. 1. 0.]
 ...
 [0. 1. 0. ... 0. 1. 0.]
 [0. 1. 0. ... 0. 1. 0.]
 [0. 1. 0. ... 0. 1. 0.]]
Fitness
[79.06976744 79.06976744 79.06976744 76.74418605 76.74418605 79.06976744
 74.41860465 74.41860465 76.74418605 76.74418605]
79.06976744186046
Best fitness so far :  79.06976744186046
Parents
[[0. 1. 0. ... 0. 1. 0.]
 [0. 1. 0. ... 0. 1. 1.]]
Crossover
[[0. 1. 0. ... 0. 1. 1.]
 [0. 1. 0. ... 0. 1. 1.]
 [0. 1. 0. ... 0. 1. 1.]
 ...
 [0. 1. 0. ... 0. 1. 0.]
 [0. 1. 0. ... 0. 1. 0.]
 [0. 1. 0. ... 0. 1. 1.]]
Mutation
[[0. 1. 0. ... 0. 1. 1.]
 [0. 1. 0. ... 0. 1. 1.]
 [0. 1. 0. ... 0. 1. 1.]
 ...
 [0. 1. 0. ... 0. 1. 0.]
 [0. 1. 0. ... 0. 1. 0.]
 [0. 1. 0. ... 0. 1. 1.]]
Fitness
[79.06976744 79.06976744 74.41860465 76.74418605 74.41860465 76.74418605
 74.41860465 74.41860465 76.74418605 74.41860465]
79.06976744186046
Best fitness so far :  79.06976744186046
Parents
[[0. 1. 0. ... 0. 1. 0.]
 [0. 1. 0. ... 0. 1. 1.]]
Crossover
[[0. 1. 0. ... 0. 1. 1.]
 [0. 1. 0. ... 0. 1. 1.]
 [0. 1. 0. ... 0. 1. 0.]
 ...
 [0. 1. 0. ... 0. 1. 1.]
 [0. 1. 0. ... 0. 1. 1.]
 [0. 1. 0. ... 0. 1. 0.]]
Mutation
[[0. 1. 0. ... 0. 1. 1.]
 [0. 1. 0. ... 0. 1. 1.]
 [0. 1. 0. ... 0. 1. 0.]
 ...
 [0. 1. 0. ... 0. 1. 1.]
 [0. 1. 0. ... 0. 1. 1.]
 [0. 1. 0. ... 0. 1. 0.]]
Fitness
[79.06976744 79.06976744 74.41860465 74.41860465 79.06976744 76.74418605
 79.06976744 72.09302326 72.09302326 76.74418605]
79.06976744186046
Best fitness so far :  79.06976744186046
Parents
[[0. 1. 0. ... 0. 1. 0.]
 [0. 1. 0. ... 0. 1. 1.]]
Crossover
[[0. 1. 0. ... 0. 1. 0.]
 [0. 1. 0. ... 0. 1. 0.]
 [0. 1. 0. ... 0. 1. 1.]
 ...
 [0. 1. 0. ... 0. 1. 1.]
 [0. 1. 0. ... 0. 1. 1.]
 [0. 1. 0. ... 0. 1. 1.]]
Mutation
[[0. 1. 0. ... 0. 1. 0.]
 [0. 1. 0. ... 0. 1. 0.]
 [0. 1. 0. ... 0. 1. 1.]
 ...
 [0. 1. 0. ... 0. 1. 1.]
 [0. 1. 0. ... 0. 1. 1.]
 [0. 1. 0. ... 0. 1. 1.]]
Fitness
[79.06976744 79.06976744 76.74418605 74.41860465 76.74418605 76.74418605
 76.74418605 74.41860465 76.74418605 76.74418605]
79.06976744186046
Best fitness so far :  79.06976744186046
Parents
[[0. 1. 0. ... 0. 1. 0.]
 [0. 1. 0. ... 0. 1. 1.]]
Crossover
[[0. 1. 0. ... 0. 1. 0.]
 [0. 1. 0. ... 0. 1. 1.]
 [0. 1. 0. ... 0. 1. 1.]
 ...
 [0. 1. 0. ... 0. 1. 1.]
 [0. 1. 0. ... 0. 1. 1.]
 [0. 1. 0. ... 0. 1. 1.]]
Mutation
[[0. 1. 0. ... 0. 1. 0.]
 [0. 1. 0. ... 0. 1. 1.]
 [0. 1. 0. ... 0. 1. 1.]
 ...
 [0. 1. 0. ... 0. 1. 1.]
 [0. 1. 0. ... 0. 1. 1.]
 [0. 1. 0. ... 0. 1. 1.]]
Fitness
[79.06976744 79.06976744 76.74418605 76.74418605 76.74418605 79.06976744
 76.74418605 79.06976744 76.74418605 76.74418605]
79.06976744186046
Best fitness so far :  79.06976744186046
Parents
[[0. 1. 0. ... 0. 1. 0.]
 [0. 1. 0. ... 0. 1. 1.]]
Crossover
[[0. 1. 0. ... 0. 1. 1.]
 [0. 1. 0. ... 0. 1. 1.]
 [0. 1. 0. ... 0. 1. 1.]
 ...
 [0. 1. 0. ... 0. 1. 0.]
 [0. 1. 0. ... 0. 1. 0.]
 [0. 1. 0. ... 0. 1. 1.]]
Mutation
[[0. 1. 0. ... 0. 1. 1.]
 [0. 1. 0. ... 0. 1. 1.]
 [0. 1. 0. ... 0. 1. 1.]
 ...
 [0. 1. 0. ... 0. 1. 0.]
 [0. 1. 0. ... 0. 1. 0.]
 [0. 1. 0. ... 0. 1. 1.]]
Fitness
[79.06976744 79.06976744 74.41860465 76.74418605 72.09302326 76.74418605
 76.74418605 76.74418605 74.41860465 76.74418605]
79.06976744186046
Best fitness so far :  79.06976744186046
Parents
[[0. 1. 0. ... 0. 1. 0.]
 [0. 1. 0. ... 0. 1. 1.]]
Crossover
[[0. 1. 0. ... 0. 1. 1.]
 [0. 1. 0. ... 0. 1. 1.]
 [0. 1. 0. ... 0. 1. 1.]
 ...
 [0. 1. 0. ... 0. 1. 0.]
 [0. 1. 0. ... 0. 1. 0.]
 [0. 1. 0. ... 0. 1. 1.]]
Mutation
[[0. 1. 0. ... 0. 1. 1.]
 [0. 1. 0. ... 0. 1. 1.]
 [0. 1. 0. ... 0. 1. 1.]
 ...
 [0. 1. 0. ... 0. 1. 0.]
 [0. 1. 0. ... 0. 1. 0.]
 [0. 1. 0. ... 0. 1. 1.]]
Fitness
[79.06976744 79.06976744 72.09302326 76.74418605 79.06976744 76.74418605
 76.74418605 76.74418605 76.74418605 76.74418605]
79.06976744186046
Best fitness so far :  79.06976744186046
Parents
[[0. 1. 0. ... 0. 1. 0.]
 [0. 1. 0. ... 0. 1. 1.]]
Crossover
[[0. 1. 0. ... 0. 1. 0.]
 [0. 1. 0. ... 0. 1. 0.]
 [0. 1. 0. ... 0. 1. 1.]
 ...
 [0. 1. 0. ... 0. 1. 0.]
 [0. 1. 0. ... 0. 1. 0.]
 [0. 1. 0. ... 0. 1. 1.]]
Mutation
[[0. 1. 0. ... 0. 1. 0.]
 [0. 1. 0. ... 0. 1. 0.]
 [0. 1. 0. ... 0. 1. 1.]
 ...
 [0. 1. 0. ... 0. 1. 0.]
 [0. 1. 0. ... 0. 1. 0.]
 [0. 1. 0. ... 0. 1. 1.]]
Fitness
[79.06976744 79.06976744 76.74418605 76.74418605 76.74418605 76.74418605
 79.06976744 74.41860465 74.41860465 79.06976744]
79.06976744186046
Best fitness so far :  79.06976744186046
Parents
[[0. 1. 0. ... 0. 1. 0.]
 [0. 1. 0. ... 0. 1. 1.]]
Crossover
[[0. 1. 0. ... 0. 1. 0.]
 [0. 1. 0. ... 0. 1. 1.]
 [0. 1. 0. ... 0. 1. 0.]
 ...
 [0. 1. 0. ... 0. 1. 1.]
 [0. 1. 0. ... 0. 1. 1.]
 [0. 1. 0. ... 0. 1. 0.]]
Mutation
[[0. 1. 0. ... 0. 1. 0.]
 [0. 1. 0. ... 0. 1. 1.]
 [0. 1. 0. ... 0. 1. 0.]
 ...
 [0. 1. 0. ... 0. 1. 1.]
 [0. 1. 0. ... 0. 1. 1.]
 [0. 1. 0. ... 0. 1. 0.]]
Fitness
[79.06976744 79.06976744 74.41860465 76.74418605 76.74418605 74.41860465
 72.09302326 76.74418605 76.74418605 76.74418605]
79.06976744186046
Best fitness so far :  79.06976744186046
Parents
[[0. 1. 0. ... 0. 1. 0.]
 [0. 1. 0. ... 0. 1. 1.]]
Crossover
[[0. 1. 0. ... 0. 1. 0.]
 [0. 1. 0. ... 0. 1. 0.]
 [0. 1. 0. ... 0. 1. 1.]
 ...
 [0. 1. 0. ... 0. 1. 0.]
 [0. 1. 0. ... 0. 1. 0.]
 [0. 1. 0. ... 0. 1. 1.]]
Mutation
[[0. 1. 0. ... 0. 1. 0.]
 [0. 1. 0. ... 0. 1. 0.]
 [0. 1. 0. ... 0. 1. 1.]
 ...
 [0. 1. 0. ... 0. 1. 0.]
 [0. 1. 0. ... 0. 1. 0.]
 [0. 1. 0. ... 0. 1. 1.]]
Fitness
[79.06976744 79.06976744 76.74418605 72.09302326 74.41860465 74.41860465
 76.74418605 74.41860465 76.74418605 76.74418605]
79.06976744186046
Best fitness so far :  79.06976744186046
Parents
[[0. 1. 0. ... 0. 1. 0.]
 [0. 1. 0. ... 0. 1. 1.]]
Crossover
[[0. 1. 0. ... 0. 1. 1.]
 [0. 1. 0. ... 0. 1. 1.]
 [0. 1. 0. ... 0. 1. 0.]
 ...
 [0. 1. 0. ... 0. 1. 0.]
 [0. 1. 0. ... 0. 1. 1.]
 [0. 1. 0. ... 0. 1. 1.]]
Mutation
[[0. 1. 0. ... 0. 1. 1.]
 [0. 1. 0. ... 0. 1. 1.]
 [0. 1. 0. ... 0. 1. 0.]
 ...
 [0. 1. 0. ... 0. 1. 0.]
 [0. 1. 0. ... 0. 1. 1.]
 [0. 1. 0. ... 0. 1. 1.]]
Fitness
[79.06976744 79.06976744 76.74418605 76.74418605 76.74418605 74.41860465
 76.74418605 74.41860465 74.41860465 74.41860465]
79.06976744186046
Best fitness so far :  79.06976744186046
Parents
[[0. 1. 0. ... 0. 1. 0.]
 [0. 1. 0. ... 0. 1. 1.]]
Crossover
[[0. 1. 0. ... 0. 1. 1.]
 [0. 1. 0. ... 0. 1. 1.]
 [0. 1. 0. ... 0. 1. 1.]
 ...
 [0. 1. 0. ... 0. 1. 0.]
 [0. 1. 0. ... 0. 1. 1.]
 [0. 1. 0. ... 0. 1. 0.]]
Mutation
[[0. 1. 0. ... 0. 1. 1.]
 [0. 1. 0. ... 0. 1. 1.]
 [0. 1. 0. ... 0. 1. 1.]
 ...
 [0. 1. 0. ... 0. 1. 0.]
 [0. 1. 0. ... 0. 1. 1.]
 [0. 1. 0. ... 0. 1. 0.]]
Fitness
[79.06976744 79.06976744 76.74418605 76.74418605 76.74418605 74.41860465
 79.06976744 79.06976744 76.74418605 76.74418605]
79.06976744186046
Best fitness so far :  79.06976744186046
Parents
[[0. 1. 0. ... 0. 1. 0.]
 [0. 1. 0. ... 0. 1. 1.]]
Crossover
[[0. 1. 0. ... 0. 1. 1.]
 [0. 1. 0. ... 0. 1. 1.]
 [0. 1. 0. ... 0. 1. 0.]
 ...
 [0. 1. 0. ... 0. 1. 1.]
 [0. 1. 0. ... 0. 1. 1.]
 [0. 1. 0. ... 0. 1. 1.]]
Mutation
[[0. 1. 0. ... 0. 1. 1.]
 [0. 1. 0. ... 0. 1. 1.]
 [0. 1. 0. ... 0. 1. 0.]
 ...
 [0. 1. 0. ... 0. 1. 1.]
 [0. 1. 0. ... 0. 1. 1.]
 [0. 1. 0. ... 0. 1. 1.]]
Fitness
[79.06976744 79.06976744 76.74418605 81.39534884 76.74418605 79.06976744
 76.74418605 76.74418605 74.41860465 74.41860465]
81.3953488372093
Best fitness so far :  81.3953488372093
Parents
[[0. 1. 0. ... 0. 1. 1.]
 [0. 1. 0. ... 0. 1. 0.]]
Crossover
[[0. 1. 0. ... 0. 1. 0.]
 [0. 1. 0. ... 0. 1. 0.]
 [0. 1. 0. ... 0. 1. 1.]
 ...
 [0. 1. 0. ... 0. 1. 1.]
 [0. 1. 0. ... 0. 1. 1.]
 [0. 1. 0. ... 0. 1. 1.]]
Mutation
[[0. 1. 0. ... 0. 1. 0.]
 [0. 1. 0. ... 0. 1. 0.]
 [0. 1. 0. ... 0. 1. 1.]
 ...
 [0. 1. 0. ... 0. 1. 1.]
 [0. 1. 0. ... 0. 1. 1.]
 [0. 1. 0. ... 0. 1. 1.]]
Fitness
[81.39534884 79.06976744 76.74418605 76.74418605 76.74418605 74.41860465
 76.74418605 76.74418605 76.74418605 76.74418605]
81.3953488372093
Best fitness so far :  81.3953488372093
Parents
[[0. 1. 0. ... 0. 1. 1.]
 [0. 1. 0. ... 0. 1. 0.]]
Crossover
[[0. 1. 0. ... 0. 1. 0.]
 [0. 1. 0. ... 0. 1. 1.]
 [0. 1. 0. ... 0. 1. 1.]
 ...
 [0. 1. 0. ... 0. 1. 1.]
 [0. 1. 0. ... 0. 1. 0.]
 [0. 1. 0. ... 0. 1. 1.]]
Mutation
[[0. 1. 0. ... 0. 1. 0.]
 [0. 1. 0. ... 0. 1. 1.]
 [0. 1. 0. ... 0. 1. 1.]
 ...
 [0. 1. 0. ... 0. 1. 1.]
 [0. 1. 0. ... 0. 1. 0.]
 [0. 1. 0. ... 0. 1. 1.]]
best_solution :  [0 1 0 0 0 0 1 1 1 0 0 1 1 1 1 0 0 0 1 1 0 0 0 0 0 1 1 0 0 1 0 0 1 0 0 1 0
 1 0 1 0 0 1 1 1 0 1 1 0 1 1 1 1 0 0 1 0 1 1 0 0 0 1 1 0 0 0 1 0 1 1 0 0 1
 1 0 0 0 0 0 0 1 0 0 0 0 0 0 1 1 0 0 1 0 1 1 0 1 1 1 0 1 1 0 0 1 1 1 1 1 1
 0 1 1 0 1 0 0 0 0 0 0 1 0 0 0 1 0 0 0 0 1 0 1 0 0 1 1 1 0 0 1 1 1 1 0 1 1
 1 0 0 1 1 0 0 0 1 1 0 1 0 0 1 1 0 1 0 0 1 0 0 1 0 1 0 0 1 1 0 0 0 1 0 0 0
 0 1 1 0 0 1 1 1 0 0 0 0 1 0 0 0 0 0 1 1 0 1 1 0 1 0 1 0 1 1 1 0 1 1 1 1 0
 1 1 1 0 1 0 0 0 1 0 1 1 1 0 0 1 0 1 0 0 0 1 0 0 1 0 1 0 0 0 1 0 1 0 0 1 0
 0 1 0 0 0 0 1 0 1 1 0 1 1 0 0 1 0 0 0 1 0 0 0 0 0 1 0 1 0 0 0 0 1 1 0 0 1
 1 1 0 1 1 0 1 1 0 1 0 1 1 0 0 1 0 1 1 0 1 1 0 1 0 0 0 0 0 0 1 1 0 1 0 0 0
 0 0 1 0 0 0 1 1 1 0 1 0 0 0 0 1 0 0 1 1 0 0 0 1 1 0 1 1 0 1 1 0 0 0 1 1 0
 0 1 0 1 1 1 1 1 0 0 0 1 0 0 0 1 0 0 1 1 1 1 0 1 0 0 0 1 1 1 1 1 1 1 1 0 1
 1 1 0 0 1 1 0 0 1 0 0 1 0 1 0 0 0 1 0 0 1 1 1 1 1 0 1 0 0 0 0 0 0 0 0 0 0
 0 0 0 0 0 1 0 0 1 1 0 0 0 1 1 1 1 0 0 1 0 1 0 0 0 0 0 1 0 1 0 1 0 0 0 0 0
 1 0 0 1 1 1 0 0 1 0 1 1 1 1 0 1 0 0 1 1 0 1 0 1 1 0 1 0 1 1 0 0 1 0 1 1 0
 0 0 0 1 1 1 1 1 1 0 0 0 1 1 0 1 0 0 0 1 1 0 0 1 0 1 0 1 1 1 0 0 1 0 1 1 0
 1 0 1 1 0 1 1 0 1 0 1 1 0 0 0 1 1 1 0 1 0 0 1 0 0 0 1 0 0 0 1 0 0 0 0 1 1
 0 0 0 1 1 1 0 1 0 0 0 1 1 1 0 0 1 1 1 0 1 0 0 0 1 0 0 0 0 0 0 1 0 0 0 0 0
 1 1 0 1 0 1 1 1 0 0 1 0 1 1 0 0 0 0 1 0 1 0 1 1 1 1 0 1 0 1 1 1 1 1 1 0 0
 1 0 1 1 1 1 1 1 0 1 1 0 1 1 0 0 1 0 0 0 1 1 1 0 1 1 1 0 0 1 0 0 0 0 1 1 1
 1 1 0 0 0 1 1]
Selected indices :  [  1   6   7   8  11  12  13  14  18  19  25  26  29  32  35  37  39  42
  43  44  46  47  49  50  51  52  55  57  58  62  63  67  69  70  73  74
  81  88  89  92  94  95  97  98  99 101 102 105 106 107 108 109 110 112
 113 115 122 126 131 133 136 137 138 141 142 143 144 146 147 148 151 152
 156 157 159 162 163 165 168 171 173 176 177 181 186 187 190 191 192 197
 203 204 206 207 209 211 213 214 215 217 218 219 220 222 223 224 226 230
 232 233 234 237 239 243 246 248 252 254 257 260 265 267 268 270 271 274
 278 284 286 291 292 295 296 297 299 300 302 303 305 307 308 311 313 314
 316 317 319 326 327 329 335 339 340 341 343 348 351 352 356 357 359 360
 362 363 367 368 371 373 374 375 376 377 381 385 388 389 390 391 393 397
 398 399 400 401 402 403 404 406 407 408 411 412 415 418 420 424 427 428
 429 430 431 433 449 452 453 457 458 459 460 463 465 471 473 475 481 484
 485 486 489 491 492 493 494 496 499 500 502 504 505 507 509 510 513 515
 516 521 522 523 524 525 526 530 531 533 537 538 541 543 545 546 547 550
 552 553 555 557 558 560 561 563 565 566 570 571 572 574 577 581 585 590
 591 595 596 597 599 603 604 605 608 609 610 612 616 623 629 630 632 634
 635 636 639 641 642 647 649 651 652 653 654 656 658 659 660 661 662 663
 666 668 669 670 671 672 673 675 676 678 679 682 686 687 688 690 691 692
 695 700 701 702 703 704 708 709]
Number of selected features :  332
Best solution fitness(Training accuracy) :  81.3953488372093
Printing features in the best feature subset
0 : y_9
1 : y_7
2 : y_67
3 : y_66
4 : y_65
5 : y_64
6 : y_63
7 : y_60
8 : y_56
9 : y_54
10 : y_51
11 : y_48
12 : y_47
13 : y_44
14 : y_43
15 : y_42
16 : y_40
17 : y_4
18 : y_39
19 : y_38
20 : y_37
21 : y_36
22 : y_35
23 : y_34
24 : y_33
25 : y_3
26 : y_29
27 : y_27
28 : y_26
29 : y_25
30 : y_24
31 : y_21
32 : y_17
33 : y_13
34 : y_12
35 : y_11
36 : y_10
37 : x_9
38 : x_7
39 : x_67
40 : x_66
41 : x_64
42 : x_63
43 : x_61
44 : x_60
45 : x_6
46 : x_56
47 : x_55
48 : x_52
49 : x_47
50 : x_45
51 : x_44
52 : x_43
53 : x_4
54 : x_39
55 : x_33
56 : x_31
57 : x_30
58 : x_3
59 : x_23
60 : x_21
61 : x_20
62 : x_18
63 : x_17
64 : x_15
65 : x_12
66 : x_11
67 : x_1
68 : x_0
69 : pose_Tz
70 : pose_Ty
71 : pose_Rz
72 : p_ty
73 : p_scale
74 : p_rz
75 : p_9
76 : p_7
77 : p_5
78 : p_33
79 : p_31
80 : p_30
81 : p_29
82 : p_28
83 : p_27
84 : p_26
85 : p_24
86 : p_21
87 : p_20
88 : p_19
89 : p_18
90 : p_17
91 : p_16
92 : p_14
93 : p_12
94 : p_11
95 : p_10
96 : p_0
97 : gaze_angle_x
98 : gaze_1_z
99 : gaze_1_y
100 : eye_lmk_y_8
101 : eye_lmk_y_7
102 : eye_lmk_y_49
103 : eye_lmk_y_47
104 : eye_lmk_y_46
105 : eye_lmk_y_44
106 : eye_lmk_y_43
107 : eye_lmk_y_42
108 : eye_lmk_y_41
109 : eye_lmk_y_40
110 : eye_lmk_y_4
111 : eye_lmk_y_39
112 : eye_lmk_y_36
113 : eye_lmk_y_35
114 : eye_lmk_y_33
115 : eye_lmk_y_32
116 : eye_lmk_y_31
117 : eye_lmk_y_3
118 : eye_lmk_y_29
119 : eye_lmk_y_28
120 : eye_lmk_y_26
121 : eye_lmk_y_23
122 : eye_lmk_y_22
123 : eye_lmk_y_15
124 : eye_lmk_y_1
125 : eye_lmk_x_9
126 : eye_lmk_x_8
127 : eye_lmk_x_53
128 : eye_lmk_x_52
129 : eye_lmk_x_48
130 : eye_lmk_x_47
131 : eye_lmk_x_45
132 : eye_lmk_x_42
133 : eye_lmk_x_41
134 : eye_lmk_x_40
135 : eye_lmk_x_4
136 : eye_lmk_x_39
137 : eye_lmk_x_37
138 : eye_lmk_x_36
139 : eye_lmk_x_34
140 : eye_lmk_x_33
141 : eye_lmk_x_32
142 : eye_lmk_x_3
143 : eye_lmk_x_29
144 : eye_lmk_x_27
145 : eye_lmk_x_25
146 : eye_lmk_x_22
147 : eye_lmk_x_2
148 : eye_lmk_x_19
149 : eye_lmk_x_16
150 : eye_lmk_x_15
151 : eye_lmk_x_1
152 : eye_lmk_Z_9
153 : eye_lmk_Z_52
154 : eye_lmk_Z_50
155 : eye_lmk_Z_5
156 : eye_lmk_Z_44
157 : eye_lmk_Z_40
158 : eye_lmk_Z_37
159 : eye_lmk_Z_36
160 : eye_lmk_Z_34
161 : eye_lmk_Z_33
162 : eye_lmk_Z_31
163 : eye_lmk_Z_3
164 : eye_lmk_Z_26
165 : eye_lmk_Z_23
166 : eye_lmk_Z_20
167 : eye_lmk_Z_18
168 : eye_lmk_Z_14
169 : eye_lmk_Z_12
170 : eye_lmk_Z_0
171 : eye_lmk_Y_9
172 : eye_lmk_Y_8
173 : eye_lmk_Y_55
174 : eye_lmk_Y_54
175 : eye_lmk_Y_52
176 : eye_lmk_Y_48
177 : eye_lmk_Y_46
178 : eye_lmk_Y_45
179 : eye_lmk_Y_44
180 : eye_lmk_Y_42
181 : eye_lmk_Y_41
182 : eye_lmk_Y_40
183 : eye_lmk_Y_39
184 : eye_lmk_Y_37
185 : eye_lmk_Y_36
186 : eye_lmk_Y_35
187 : eye_lmk_Y_33
188 : eye_lmk_Y_31
189 : eye_lmk_Y_3
190 : eye_lmk_Y_29
191 : eye_lmk_Y_28
192 : eye_lmk_Y_26
193 : eye_lmk_Y_25
194 : eye_lmk_Y_19
195 : eye_lmk_Y_14
196 : eye_lmk_Y_13
197 : eye_lmk_Y_12
198 : eye_lmk_X_9
199 : eye_lmk_X_55
200 : eye_lmk_X_54
201 : eye_lmk_X_51
202 : eye_lmk_X_49
203 : eye_lmk_X_46
204 : eye_lmk_X_43
205 : eye_lmk_X_41
206 : eye_lmk_X_40
207 : eye_lmk_X_4
208 : eye_lmk_X_37
209 : eye_lmk_X_35
210 : eye_lmk_X_34
211 : eye_lmk_X_30
212 : eye_lmk_X_29
213 : eye_lmk_X_26
214 : eye_lmk_X_25
215 : eye_lmk_X_24
216 : eye_lmk_X_22
217 : eye_lmk_X_21
218 : eye_lmk_X_20
219 : eye_lmk_X_19
220 : eye_lmk_X_16
221 : eye_lmk_X_15
222 : eye_lmk_X_14
223 : eye_lmk_X_11
224 : eye_lmk_X_0
225 : confidence
226 : Z_9
227 : Z_67
228 : Z_66
229 : Z_64
230 : Z_62
231 : Z_61
232 : Z_6
233 : Z_55
234 : Z_48
235 : Z_44
236 : Z_42
237 : Z_41
238 : Z_40
239 : Z_4
240 : Z_37
241 : Z_36
242 : Z_35
243 : Z_31
244 : Z_3
245 : Z_29
246 : Z_28
247 : Z_27
248 : Z_23
249 : Z_22
250 : Z_2
251 : Z_17
252 : Z_13
253 : Y_9
254 : Y_7
255 : Y_66
256 : Y_65
257 : Y_63
258 : Y_61
259 : Y_60
260 : Y_58
261 : Y_57
262 : Y_55
263 : Y_53
264 : Y_52
265 : Y_50
266 : Y_5
267 : Y_47
268 : Y_46
269 : Y_45
270 : Y_43
271 : Y_41
272 : Y_4
273 : Y_38
274 : Y_37
275 : Y_33
276 : Y_31
277 : Y_30
278 : Y_26
279 : Y_25
280 : Y_24
281 : Y_23
282 : Y_22
283 : Y_21
284 : Y_2
285 : Y_16
286 : Y_15
287 : Y_13
288 : Y_10
289 : Y_0
290 : X_67
291 : X_64
292 : X_62
293 : X_61
294 : X_60
295 : X_59
296 : X_57
297 : X_54
298 : X_53
299 : X_52
300 : X_49
301 : X_43
302 : X_41
303 : X_39
304 : X_33
305 : X_31
306 : X_28
307 : X_27
308 : X_26
309 : X_25
310 : X_21
311 : X_20
312 : X_17
313 : X_1
314 : AU45_r
315 : AU28_c
316 : AU26_r
317 : AU26_c
318 : AU25_r
319 : AU20_r
320 : AU17_r
321 : AU17_c
322 : AU15_r
323 : AU15_c
324 : AU14_c
325 : AU12_c
326 : AU10_c
327 : AU09_r
328 : AU05_r
329 : AU04_r
330 : AU04_c
331 : AU01_r
[76.74418604651163, 79.06976744186046, 79.06976744186046, 79.06976744186046, 79.06976744186046, 79.06976744186046, 79.06976744186046, 79.06976744186046, 79.06976744186046, 79.06976744186046, 79.06976744186046, 79.06976744186046, 79.06976744186046, 79.06976744186046, 79.06976744186046, 79.06976744186046, 79.06976744186046, 79.06976744186046, 79.06976744186046, 79.06976744186046, 79.06976744186046, 79.06976744186046, 79.06976744186046, 79.06976744186046, 79.06976744186046, 79.06976744186046, 79.06976744186046, 79.06976744186046, 79.06976744186046, 79.06976744186046, 79.06976744186046, 79.06976744186046, 79.06976744186046, 79.06976744186046, 79.06976744186046, 79.06976744186046, 79.06976744186046, 79.06976744186046, 79.06976744186046, 79.06976744186046, 79.06976744186046, 79.06976744186046, 79.06976744186046, 79.06976744186046, 79.06976744186046, 79.06976744186046, 79.06976744186046, 79.06976744186046, 81.3953488372093, 81.3953488372093]
Testing Accuracy of the best solution is : 83.33333333333334
