Mating : rank
Crossover : single
Mutation : bit
Fitness
[69.76744186 65.11627907 67.44186047 67.44186047 69.76744186 67.44186047
 65.11627907 65.11627907 69.76744186 62.79069767]
69.76744186046511
Best fitness so far :  69.76744186046511
Parents
[[0. 1. 1. ... 1. 0. 1.]
 [0. 1. 0. ... 0. 1. 1.]]
Crossover
[[0. 1. 1. ... 0. 1. 1.]
 [0. 1. 0. ... 1. 0. 1.]
 [0. 1. 1. ... 0. 1. 1.]
 ...
 [0. 1. 0. ... 1. 0. 1.]
 [0. 1. 1. ... 0. 1. 1.]
 [0. 1. 0. ... 1. 0. 1.]]
Mutation
[[0. 1. 1. ... 0. 1. 1.]
 [0. 1. 0. ... 1. 0. 1.]
 [0. 1. 1. ... 0. 1. 1.]
 ...
 [0. 1. 0. ... 1. 0. 1.]
 [0. 1. 1. ... 0. 1. 1.]
 [0. 1. 0. ... 1. 0. 1.]]
Fitness
[69.76744186 69.76744186 69.76744186 69.76744186 69.76744186 69.76744186
 69.76744186 69.76744186 69.76744186 69.76744186]
69.76744186046511
Best fitness so far :  69.76744186046511
Parents
[[0. 1. 1. ... 1. 0. 1.]
 [0. 1. 0. ... 0. 1. 1.]]
Crossover
[[0. 1. 1. ... 0. 1. 1.]
 [0. 1. 0. ... 1. 0. 1.]
 [0. 1. 1. ... 0. 1. 1.]
 ...
 [0. 1. 0. ... 1. 0. 1.]
 [0. 1. 1. ... 0. 1. 1.]
 [0. 1. 0. ... 1. 0. 1.]]
Mutation
[[0. 1. 0. ... 0. 1. 1.]
 [0. 1. 1. ... 1. 0. 1.]
 [0. 1. 0. ... 0. 1. 1.]
 ...
 [0. 1. 1. ... 1. 0. 1.]
 [0. 1. 0. ... 0. 1. 1.]
 [0. 1. 1. ... 1. 0. 1.]]
Fitness
[69.76744186 69.76744186 67.44186047 67.44186047 67.44186047 67.44186047
 67.44186047 67.44186047 67.44186047 67.44186047]
69.76744186046511
Best fitness so far :  69.76744186046511
Parents
[[0. 1. 1. ... 1. 0. 1.]
 [0. 1. 0. ... 0. 1. 1.]]
Crossover
[[0. 1. 1. ... 0. 1. 1.]
 [0. 1. 0. ... 1. 0. 1.]
 [0. 1. 1. ... 0. 1. 1.]
 ...
 [0. 1. 0. ... 1. 0. 1.]
 [0. 1. 1. ... 0. 1. 1.]
 [0. 1. 0. ... 1. 0. 1.]]
Mutation
[[0. 1. 1. ... 0. 1. 1.]
 [0. 1. 0. ... 1. 0. 1.]
 [0. 1. 1. ... 0. 1. 1.]
 ...
 [0. 1. 0. ... 1. 0. 1.]
 [0. 1. 1. ... 0. 1. 1.]
 [0. 1. 0. ... 1. 0. 1.]]
Fitness
[69.76744186 69.76744186 69.76744186 67.44186047 69.76744186 67.44186047
 69.76744186 67.44186047 69.76744186 67.44186047]
69.76744186046511
Best fitness so far :  69.76744186046511
Parents
[[0. 1. 1. ... 1. 0. 1.]
 [0. 1. 0. ... 0. 1. 1.]]
Crossover
[[0. 1. 1. ... 0. 1. 1.]
 [0. 1. 0. ... 1. 0. 1.]
 [0. 1. 1. ... 0. 1. 1.]
 ...
 [0. 1. 0. ... 1. 0. 1.]
 [0. 1. 1. ... 0. 1. 1.]
 [0. 1. 0. ... 1. 0. 1.]]
Mutation
[[0. 1. 1. ... 0. 1. 0.]
 [0. 1. 0. ... 1. 0. 0.]
 [0. 1. 1. ... 0. 1. 0.]
 ...
 [0. 1. 0. ... 1. 0. 0.]
 [0. 1. 1. ... 0. 1. 0.]
 [0. 1. 0. ... 1. 0. 0.]]
Fitness
[69.76744186 69.76744186 69.76744186 67.44186047 69.76744186 67.44186047
 69.76744186 67.44186047 69.76744186 67.44186047]
69.76744186046511
Best fitness so far :  69.76744186046511
Parents
[[0. 1. 1. ... 1. 0. 1.]
 [0. 1. 0. ... 0. 1. 1.]]
Crossover
[[0. 1. 1. ... 0. 1. 1.]
 [0. 1. 0. ... 1. 0. 1.]
 [0. 1. 1. ... 0. 1. 1.]
 ...
 [0. 1. 0. ... 1. 0. 1.]
 [0. 1. 1. ... 0. 1. 1.]
 [0. 1. 0. ... 1. 0. 1.]]
Mutation
[[0. 1. 1. ... 0. 1. 1.]
 [0. 1. 0. ... 1. 0. 1.]
 [0. 1. 1. ... 0. 1. 1.]
 ...
 [0. 1. 0. ... 1. 0. 1.]
 [0. 1. 1. ... 0. 1. 1.]
 [0. 1. 0. ... 1. 0. 1.]]
Fitness
[69.76744186 69.76744186 69.76744186 69.76744186 69.76744186 69.76744186
 69.76744186 69.76744186 69.76744186 69.76744186]
69.76744186046511
Best fitness so far :  69.76744186046511
Parents
[[0. 1. 1. ... 1. 0. 1.]
 [0. 1. 0. ... 0. 1. 1.]]
Crossover
[[0. 1. 1. ... 0. 1. 1.]
 [0. 1. 0. ... 1. 0. 1.]
 [0. 1. 1. ... 0. 1. 1.]
 ...
 [0. 1. 0. ... 1. 0. 1.]
 [0. 1. 1. ... 0. 1. 1.]
 [0. 1. 0. ... 1. 0. 1.]]
Mutation
[[0. 1. 1. ... 0. 1. 1.]
 [0. 1. 0. ... 1. 0. 1.]
 [0. 1. 1. ... 0. 1. 1.]
 ...
 [0. 1. 0. ... 1. 0. 1.]
 [0. 1. 1. ... 0. 1. 1.]
 [0. 1. 0. ... 1. 0. 1.]]
Fitness
[69.76744186 69.76744186 67.44186047 72.09302326 67.44186047 72.09302326
 67.44186047 72.09302326 67.44186047 72.09302326]
72.09302325581395
Best fitness so far :  72.09302325581395
Parents
[[0. 1. 0. ... 1. 0. 1.]
 [0. 1. 0. ... 1. 0. 1.]]
Crossover
[[0. 1. 0. ... 1. 0. 1.]
 [0. 1. 0. ... 1. 0. 1.]
 [0. 1. 0. ... 1. 0. 1.]
 ...
 [0. 1. 0. ... 1. 0. 1.]
 [0. 1. 0. ... 1. 0. 1.]
 [0. 1. 0. ... 1. 0. 1.]]
Mutation
[[0. 1. 0. ... 1. 0. 1.]
 [0. 1. 0. ... 1. 0. 1.]
 [0. 1. 0. ... 1. 0. 1.]
 ...
 [0. 1. 0. ... 1. 0. 1.]
 [0. 1. 0. ... 1. 0. 1.]
 [0. 1. 0. ... 1. 0. 1.]]
Fitness
[72.09302326 72.09302326 69.76744186 69.76744186 69.76744186 69.76744186
 69.76744186 69.76744186 69.76744186 69.76744186]
72.09302325581395
Best fitness so far :  72.09302325581395
Parents
[[0. 1. 0. ... 1. 0. 1.]
 [0. 1. 0. ... 1. 0. 1.]]
Crossover
[[0. 1. 0. ... 1. 0. 1.]
 [0. 1. 0. ... 1. 0. 1.]
 [0. 1. 0. ... 1. 0. 1.]
 ...
 [0. 1. 0. ... 1. 0. 1.]
 [0. 1. 0. ... 1. 0. 1.]
 [0. 1. 0. ... 1. 0. 1.]]
Mutation
[[1. 1. 0. ... 1. 0. 1.]
 [1. 1. 0. ... 1. 0. 1.]
 [1. 1. 0. ... 1. 0. 1.]
 ...
 [1. 1. 0. ... 1. 0. 1.]
 [1. 1. 0. ... 1. 0. 1.]
 [1. 1. 0. ... 1. 0. 1.]]
Fitness
[72.09302326 72.09302326 69.76744186 69.76744186 69.76744186 69.76744186
 69.76744186 69.76744186 69.76744186 69.76744186]
72.09302325581395
Best fitness so far :  72.09302325581395
Parents
[[0. 1. 0. ... 1. 0. 1.]
 [0. 1. 0. ... 1. 0. 1.]]
Crossover
[[0. 1. 0. ... 1. 0. 1.]
 [0. 1. 0. ... 1. 0. 1.]
 [0. 1. 0. ... 1. 0. 1.]
 ...
 [0. 1. 0. ... 1. 0. 1.]
 [0. 1. 0. ... 1. 0. 1.]
 [0. 1. 0. ... 1. 0. 1.]]
Mutation
[[0. 1. 0. ... 1. 0. 0.]
 [0. 1. 0. ... 1. 0. 0.]
 [0. 1. 0. ... 1. 0. 0.]
 ...
 [0. 1. 0. ... 1. 0. 0.]
 [0. 1. 0. ... 1. 0. 0.]
 [0. 1. 0. ... 1. 0. 0.]]
Fitness
[72.09302326 72.09302326 69.76744186 69.76744186 69.76744186 69.76744186
 69.76744186 69.76744186 69.76744186 69.76744186]
72.09302325581395
Best fitness so far :  72.09302325581395
Parents
[[0. 1. 0. ... 1. 0. 1.]
 [0. 1. 0. ... 1. 0. 1.]]
Crossover
[[0. 1. 0. ... 1. 0. 1.]
 [0. 1. 0. ... 1. 0. 1.]
 [0. 1. 0. ... 1. 0. 1.]
 ...
 [0. 1. 0. ... 1. 0. 1.]
 [0. 1. 0. ... 1. 0. 1.]
 [0. 1. 0. ... 1. 0. 1.]]
Mutation
[[0. 1. 0. ... 1. 0. 1.]
 [0. 1. 0. ... 1. 0. 1.]
 [0. 1. 0. ... 1. 0. 1.]
 ...
 [0. 1. 0. ... 1. 0. 1.]
 [0. 1. 0. ... 1. 0. 1.]
 [0. 1. 0. ... 1. 0. 1.]]
Fitness
[72.09302326 72.09302326 69.76744186 69.76744186 69.76744186 69.76744186
 69.76744186 69.76744186 69.76744186 69.76744186]
72.09302325581395
Best fitness so far :  72.09302325581395
Parents
[[0. 1. 0. ... 1. 0. 1.]
 [0. 1. 0. ... 1. 0. 1.]]
Crossover
[[0. 1. 0. ... 1. 0. 1.]
 [0. 1. 0. ... 1. 0. 1.]
 [0. 1. 0. ... 1. 0. 1.]
 ...
 [0. 1. 0. ... 1. 0. 1.]
 [0. 1. 0. ... 1. 0. 1.]
 [0. 1. 0. ... 1. 0. 1.]]
Mutation
[[0. 1. 0. ... 1. 0. 1.]
 [0. 1. 0. ... 1. 0. 1.]
 [0. 1. 0. ... 1. 0. 1.]
 ...
 [0. 1. 0. ... 1. 0. 1.]
 [0. 1. 0. ... 1. 0. 1.]
 [0. 1. 0. ... 1. 0. 1.]]
Fitness
[72.09302326 72.09302326 69.76744186 69.76744186 69.76744186 69.76744186
 69.76744186 69.76744186 69.76744186 69.76744186]
72.09302325581395
Best fitness so far :  72.09302325581395
Parents
[[0. 1. 0. ... 1. 0. 1.]
 [0. 1. 0. ... 1. 0. 1.]]
Crossover
[[0. 1. 0. ... 1. 0. 1.]
 [0. 1. 0. ... 1. 0. 1.]
 [0. 1. 0. ... 1. 0. 1.]
 ...
 [0. 1. 0. ... 1. 0. 1.]
 [0. 1. 0. ... 1. 0. 1.]
 [0. 1. 0. ... 1. 0. 1.]]
Mutation
[[0. 1. 0. ... 1. 0. 1.]
 [0. 1. 0. ... 1. 0. 1.]
 [0. 1. 0. ... 1. 0. 1.]
 ...
 [0. 1. 0. ... 1. 0. 1.]
 [0. 1. 0. ... 1. 0. 1.]
 [0. 1. 0. ... 1. 0. 1.]]
Fitness
[72.09302326 72.09302326 72.09302326 72.09302326 72.09302326 72.09302326
 72.09302326 72.09302326 72.09302326 72.09302326]
72.09302325581395
Best fitness so far :  72.09302325581395
Parents
[[0. 1. 0. ... 1. 0. 1.]
 [0. 1. 0. ... 1. 0. 1.]]
Crossover
[[0. 1. 0. ... 1. 0. 1.]
 [0. 1. 0. ... 1. 0. 1.]
 [0. 1. 0. ... 1. 0. 1.]
 ...
 [0. 1. 0. ... 1. 0. 1.]
 [0. 1. 0. ... 1. 0. 1.]
 [0. 1. 0. ... 1. 0. 1.]]
Mutation
[[0. 1. 0. ... 0. 0. 1.]
 [0. 1. 0. ... 0. 0. 1.]
 [0. 1. 0. ... 0. 0. 1.]
 ...
 [0. 1. 0. ... 0. 0. 1.]
 [0. 1. 0. ... 0. 0. 1.]
 [0. 1. 0. ... 0. 0. 1.]]
Fitness
[72.09302326 72.09302326 65.11627907 65.11627907 65.11627907 65.11627907
 65.11627907 65.11627907 65.11627907 65.11627907]
72.09302325581395
Best fitness so far :  72.09302325581395
Parents
[[0. 1. 0. ... 1. 0. 1.]
 [0. 1. 0. ... 1. 0. 1.]]
Crossover
[[0. 1. 0. ... 1. 0. 1.]
 [0. 1. 0. ... 1. 0. 1.]
 [0. 1. 0. ... 1. 0. 1.]
 ...
 [0. 1. 0. ... 1. 0. 1.]
 [0. 1. 0. ... 1. 0. 1.]
 [0. 1. 0. ... 1. 0. 1.]]
Mutation
[[0. 1. 0. ... 1. 0. 1.]
 [0. 1. 0. ... 1. 0. 1.]
 [0. 1. 0. ... 1. 0. 1.]
 ...
 [0. 1. 0. ... 1. 0. 1.]
 [0. 1. 0. ... 1. 0. 1.]
 [0. 1. 0. ... 1. 0. 1.]]
Fitness
[72.09302326 72.09302326 72.09302326 72.09302326 72.09302326 72.09302326
 72.09302326 72.09302326 72.09302326 72.09302326]
72.09302325581395
Best fitness so far :  72.09302325581395
Parents
[[0. 1. 0. ... 1. 0. 1.]
 [0. 1. 0. ... 1. 0. 1.]]
Crossover
[[0. 1. 0. ... 1. 0. 1.]
 [0. 1. 0. ... 1. 0. 1.]
 [0. 1. 0. ... 1. 0. 1.]
 ...
 [0. 1. 0. ... 1. 0. 1.]
 [0. 1. 0. ... 1. 0. 1.]
 [0. 1. 0. ... 1. 0. 1.]]
Mutation
[[0. 1. 0. ... 1. 0. 1.]
 [0. 1. 0. ... 1. 0. 1.]
 [0. 1. 0. ... 1. 0. 1.]
 ...
 [0. 1. 0. ... 1. 0. 1.]
 [0. 1. 0. ... 1. 0. 1.]
 [0. 1. 0. ... 1. 0. 1.]]
Fitness
[72.09302326 72.09302326 67.44186047 67.44186047 67.44186047 67.44186047
 67.44186047 67.44186047 67.44186047 67.44186047]
72.09302325581395
Best fitness so far :  72.09302325581395
Parents
[[0. 1. 0. ... 1. 0. 1.]
 [0. 1. 0. ... 1. 0. 1.]]
Crossover
[[0. 1. 0. ... 1. 0. 1.]
 [0. 1. 0. ... 1. 0. 1.]
 [0. 1. 0. ... 1. 0. 1.]
 ...
 [0. 1. 0. ... 1. 0. 1.]
 [0. 1. 0. ... 1. 0. 1.]
 [0. 1. 0. ... 1. 0. 1.]]
Mutation
[[0. 1. 0. ... 1. 0. 1.]
 [0. 1. 0. ... 1. 0. 1.]
 [0. 1. 0. ... 1. 0. 1.]
 ...
 [0. 1. 0. ... 1. 0. 1.]
 [0. 1. 0. ... 1. 0. 1.]
 [0. 1. 0. ... 1. 0. 1.]]
Fitness
[72.09302326 72.09302326 67.44186047 67.44186047 67.44186047 67.44186047
 67.44186047 67.44186047 67.44186047 67.44186047]
72.09302325581395
Best fitness so far :  72.09302325581395
Parents
[[0. 1. 0. ... 1. 0. 1.]
 [0. 1. 0. ... 1. 0. 1.]]
Crossover
[[0. 1. 0. ... 1. 0. 1.]
 [0. 1. 0. ... 1. 0. 1.]
 [0. 1. 0. ... 1. 0. 1.]
 ...
 [0. 1. 0. ... 1. 0. 1.]
 [0. 1. 0. ... 1. 0. 1.]
 [0. 1. 0. ... 1. 0. 1.]]
Mutation
[[0. 1. 1. ... 1. 0. 1.]
 [0. 1. 1. ... 1. 0. 1.]
 [0. 1. 1. ... 1. 0. 1.]
 ...
 [0. 1. 1. ... 1. 0. 1.]
 [0. 1. 1. ... 1. 0. 1.]
 [0. 1. 1. ... 1. 0. 1.]]
Fitness
[72.09302326 72.09302326 67.44186047 67.44186047 67.44186047 67.44186047
 67.44186047 67.44186047 67.44186047 67.44186047]
72.09302325581395
Best fitness so far :  72.09302325581395
Parents
[[0. 1. 0. ... 1. 0. 1.]
 [0. 1. 0. ... 1. 0. 1.]]
Crossover
[[0. 1. 0. ... 1. 0. 1.]
 [0. 1. 0. ... 1. 0. 1.]
 [0. 1. 0. ... 1. 0. 1.]
 ...
 [0. 1. 0. ... 1. 0. 1.]
 [0. 1. 0. ... 1. 0. 1.]
 [0. 1. 0. ... 1. 0. 1.]]
Mutation
[[0. 1. 0. ... 1. 0. 1.]
 [0. 1. 0. ... 1. 0. 1.]
 [0. 1. 0. ... 1. 0. 1.]
 ...
 [0. 1. 0. ... 1. 0. 1.]
 [0. 1. 0. ... 1. 0. 1.]
 [0. 1. 0. ... 1. 0. 1.]]
Fitness
[72.09302326 72.09302326 67.44186047 67.44186047 67.44186047 67.44186047
 67.44186047 67.44186047 67.44186047 67.44186047]
72.09302325581395
Best fitness so far :  72.09302325581395
Parents
[[0. 1. 0. ... 1. 0. 1.]
 [0. 1. 0. ... 1. 0. 1.]]
Crossover
[[0. 1. 0. ... 1. 0. 1.]
 [0. 1. 0. ... 1. 0. 1.]
 [0. 1. 0. ... 1. 0. 1.]
 ...
 [0. 1. 0. ... 1. 0. 1.]
 [0. 1. 0. ... 1. 0. 1.]
 [0. 1. 0. ... 1. 0. 1.]]
Mutation
[[1. 1. 0. ... 1. 0. 1.]
 [1. 1. 0. ... 1. 0. 1.]
 [1. 1. 0. ... 1. 0. 1.]
 ...
 [1. 1. 0. ... 1. 0. 1.]
 [1. 1. 0. ... 1. 0. 1.]
 [1. 1. 0. ... 1. 0. 1.]]
Fitness
[72.09302326 72.09302326 72.09302326 72.09302326 72.09302326 72.09302326
 72.09302326 72.09302326 72.09302326 72.09302326]
72.09302325581395
Best fitness so far :  72.09302325581395
Parents
[[0. 1. 0. ... 1. 0. 1.]
 [0. 1. 0. ... 1. 0. 1.]]
Crossover
[[0. 1. 0. ... 1. 0. 1.]
 [0. 1. 0. ... 1. 0. 1.]
 [0. 1. 0. ... 1. 0. 1.]
 ...
 [0. 1. 0. ... 1. 0. 1.]
 [0. 1. 0. ... 1. 0. 1.]
 [0. 1. 0. ... 1. 0. 1.]]
Mutation
[[0. 1. 1. ... 1. 0. 1.]
 [0. 1. 1. ... 1. 0. 1.]
 [0. 1. 1. ... 1. 0. 1.]
 ...
 [0. 1. 1. ... 1. 0. 1.]
 [0. 1. 1. ... 1. 0. 1.]
 [0. 1. 1. ... 1. 0. 1.]]
Fitness
[72.09302326 72.09302326 72.09302326 72.09302326 72.09302326 72.09302326
 72.09302326 72.09302326 72.09302326 72.09302326]
72.09302325581395
Best fitness so far :  72.09302325581395
Parents
[[0. 1. 0. ... 1. 0. 1.]
 [0. 1. 0. ... 1. 0. 1.]]
Crossover
[[0. 1. 0. ... 1. 0. 1.]
 [0. 1. 0. ... 1. 0. 1.]
 [0. 1. 0. ... 1. 0. 1.]
 ...
 [0. 1. 0. ... 1. 0. 1.]
 [0. 1. 0. ... 1. 0. 1.]
 [0. 1. 0. ... 1. 0. 1.]]
Mutation
[[0. 1. 0. ... 1. 0. 1.]
 [0. 1. 0. ... 1. 0. 1.]
 [0. 1. 0. ... 1. 0. 1.]
 ...
 [0. 1. 0. ... 1. 0. 1.]
 [0. 1. 0. ... 1. 0. 1.]
 [0. 1. 0. ... 1. 0. 1.]]
Fitness
[72.09302326 72.09302326 72.09302326 72.09302326 72.09302326 72.09302326
 72.09302326 72.09302326 72.09302326 72.09302326]
72.09302325581395
Best fitness so far :  72.09302325581395
Parents
[[0. 1. 0. ... 1. 0. 1.]
 [0. 1. 0. ... 1. 0. 1.]]
Crossover
[[0. 1. 0. ... 1. 0. 1.]
 [0. 1. 0. ... 1. 0. 1.]
 [0. 1. 0. ... 1. 0. 1.]
 ...
 [0. 1. 0. ... 1. 0. 1.]
 [0. 1. 0. ... 1. 0. 1.]
 [0. 1. 0. ... 1. 0. 1.]]
Mutation
[[0. 1. 0. ... 1. 0. 1.]
 [0. 1. 0. ... 1. 0. 1.]
 [0. 1. 0. ... 1. 0. 1.]
 ...
 [0. 1. 0. ... 1. 0. 1.]
 [0. 1. 0. ... 1. 0. 1.]
 [0. 1. 0. ... 1. 0. 1.]]
Fitness
[72.09302326 72.09302326 72.09302326 72.09302326 72.09302326 72.09302326
 72.09302326 72.09302326 72.09302326 72.09302326]
72.09302325581395
Best fitness so far :  72.09302325581395
Parents
[[0. 1. 0. ... 1. 0. 1.]
 [0. 1. 0. ... 1. 0. 1.]]
Crossover
[[0. 1. 0. ... 1. 0. 1.]
 [0. 1. 0. ... 1. 0. 1.]
 [0. 1. 0. ... 1. 0. 1.]
 ...
 [0. 1. 0. ... 1. 0. 1.]
 [0. 1. 0. ... 1. 0. 1.]
 [0. 1. 0. ... 1. 0. 1.]]
Mutation
[[0. 1. 0. ... 1. 0. 1.]
 [0. 1. 0. ... 1. 0. 1.]
 [0. 1. 0. ... 1. 0. 1.]
 ...
 [0. 1. 0. ... 1. 0. 1.]
 [0. 1. 0. ... 1. 0. 1.]
 [0. 1. 0. ... 1. 0. 1.]]
Fitness
[72.09302326 72.09302326 72.09302326 72.09302326 72.09302326 72.09302326
 72.09302326 72.09302326 72.09302326 72.09302326]
72.09302325581395
Best fitness so far :  72.09302325581395
Parents
[[0. 1. 0. ... 1. 0. 1.]
 [0. 1. 0. ... 1. 0. 1.]]
Crossover
[[0. 1. 0. ... 1. 0. 1.]
 [0. 1. 0. ... 1. 0. 1.]
 [0. 1. 0. ... 1. 0. 1.]
 ...
 [0. 1. 0. ... 1. 0. 1.]
 [0. 1. 0. ... 1. 0. 1.]
 [0. 1. 0. ... 1. 0. 1.]]
Mutation
[[0. 1. 0. ... 0. 0. 1.]
 [0. 1. 0. ... 0. 0. 1.]
 [0. 1. 0. ... 0. 0. 1.]
 ...
 [0. 1. 0. ... 0. 0. 1.]
 [0. 1. 0. ... 0. 0. 1.]
 [0. 1. 0. ... 0. 0. 1.]]
Fitness
[72.09302326 72.09302326 67.44186047 67.44186047 67.44186047 67.44186047
 67.44186047 67.44186047 67.44186047 67.44186047]
72.09302325581395
Best fitness so far :  72.09302325581395
Parents
[[0. 1. 0. ... 1. 0. 1.]
 [0. 1. 0. ... 1. 0. 1.]]
Crossover
[[0. 1. 0. ... 1. 0. 1.]
 [0. 1. 0. ... 1. 0. 1.]
 [0. 1. 0. ... 1. 0. 1.]
 ...
 [0. 1. 0. ... 1. 0. 1.]
 [0. 1. 0. ... 1. 0. 1.]
 [0. 1. 0. ... 1. 0. 1.]]
Mutation
[[0. 1. 0. ... 1. 0. 1.]
 [0. 1. 0. ... 1. 0. 1.]
 [0. 1. 0. ... 1. 0. 1.]
 ...
 [0. 1. 0. ... 1. 0. 1.]
 [0. 1. 0. ... 1. 0. 1.]
 [0. 1. 0. ... 1. 0. 1.]]
Fitness
[72.09302326 72.09302326 69.76744186 69.76744186 69.76744186 69.76744186
 69.76744186 69.76744186 69.76744186 69.76744186]
72.09302325581395
Best fitness so far :  72.09302325581395
Parents
[[0. 1. 0. ... 1. 0. 1.]
 [0. 1. 0. ... 1. 0. 1.]]
Crossover
[[0. 1. 0. ... 1. 0. 1.]
 [0. 1. 0. ... 1. 0. 1.]
 [0. 1. 0. ... 1. 0. 1.]
 ...
 [0. 1. 0. ... 1. 0. 1.]
 [0. 1. 0. ... 1. 0. 1.]
 [0. 1. 0. ... 1. 0. 1.]]
Mutation
[[0. 1. 0. ... 1. 0. 1.]
 [0. 1. 0. ... 1. 0. 1.]
 [0. 1. 0. ... 1. 0. 1.]
 ...
 [0. 1. 0. ... 1. 0. 1.]
 [0. 1. 0. ... 1. 0. 1.]
 [0. 1. 0. ... 1. 0. 1.]]
Fitness
[72.09302326 72.09302326 69.76744186 69.76744186 69.76744186 69.76744186
 69.76744186 69.76744186 69.76744186 69.76744186]
72.09302325581395
Best fitness so far :  72.09302325581395
Parents
[[0. 1. 0. ... 1. 0. 1.]
 [0. 1. 0. ... 1. 0. 1.]]
Crossover
[[0. 1. 0. ... 1. 0. 1.]
 [0. 1. 0. ... 1. 0. 1.]
 [0. 1. 0. ... 1. 0. 1.]
 ...
 [0. 1. 0. ... 1. 0. 1.]
 [0. 1. 0. ... 1. 0. 1.]
 [0. 1. 0. ... 1. 0. 1.]]
Mutation
[[0. 1. 1. ... 1. 0. 0.]
 [0. 1. 1. ... 1. 0. 0.]
 [0. 1. 1. ... 1. 0. 0.]
 ...
 [0. 1. 1. ... 1. 0. 0.]
 [0. 1. 1. ... 1. 0. 0.]
 [0. 1. 1. ... 1. 0. 0.]]
Fitness
[72.09302326 72.09302326 67.44186047 67.44186047 67.44186047 67.44186047
 67.44186047 67.44186047 67.44186047 67.44186047]
72.09302325581395
Best fitness so far :  72.09302325581395
Parents
[[0. 1. 0. ... 1. 0. 1.]
 [0. 1. 0. ... 1. 0. 1.]]
Crossover
[[0. 1. 0. ... 1. 0. 1.]
 [0. 1. 0. ... 1. 0. 1.]
 [0. 1. 0. ... 1. 0. 1.]
 ...
 [0. 1. 0. ... 1. 0. 1.]
 [0. 1. 0. ... 1. 0. 1.]
 [0. 1. 0. ... 1. 0. 1.]]
Mutation
[[0. 1. 0. ... 1. 0. 1.]
 [0. 1. 0. ... 1. 0. 1.]
 [0. 1. 0. ... 1. 0. 1.]
 ...
 [0. 1. 0. ... 1. 0. 1.]
 [0. 1. 0. ... 1. 0. 1.]
 [0. 1. 0. ... 1. 0. 1.]]
Fitness
[72.09302326 72.09302326 72.09302326 72.09302326 72.09302326 72.09302326
 72.09302326 72.09302326 72.09302326 72.09302326]
72.09302325581395
Best fitness so far :  72.09302325581395
Parents
[[0. 1. 0. ... 1. 0. 1.]
 [0. 1. 0. ... 1. 0. 1.]]
Crossover
[[0. 1. 0. ... 1. 0. 1.]
 [0. 1. 0. ... 1. 0. 1.]
 [0. 1. 0. ... 1. 0. 1.]
 ...
 [0. 1. 0. ... 1. 0. 1.]
 [0. 1. 0. ... 1. 0. 1.]
 [0. 1. 0. ... 1. 0. 1.]]
Mutation
[[0. 1. 0. ... 1. 1. 1.]
 [0. 1. 0. ... 1. 1. 1.]
 [0. 1. 0. ... 1. 1. 1.]
 ...
 [0. 1. 0. ... 1. 1. 1.]
 [0. 1. 0. ... 1. 1. 1.]
 [0. 1. 0. ... 1. 1. 1.]]
Fitness
[72.09302326 72.09302326 67.44186047 67.44186047 67.44186047 67.44186047
 67.44186047 67.44186047 67.44186047 67.44186047]
72.09302325581395
Best fitness so far :  72.09302325581395
Parents
[[0. 1. 0. ... 1. 0. 1.]
 [0. 1. 0. ... 1. 0. 1.]]
Crossover
[[0. 1. 0. ... 1. 0. 1.]
 [0. 1. 0. ... 1. 0. 1.]
 [0. 1. 0. ... 1. 0. 1.]
 ...
 [0. 1. 0. ... 1. 0. 1.]
 [0. 1. 0. ... 1. 0. 1.]
 [0. 1. 0. ... 1. 0. 1.]]
Mutation
[[0. 1. 0. ... 1. 0. 1.]
 [0. 1. 0. ... 1. 0. 1.]
 [0. 1. 0. ... 1. 0. 1.]
 ...
 [0. 1. 0. ... 1. 0. 1.]
 [0. 1. 0. ... 1. 0. 1.]
 [0. 1. 0. ... 1. 0. 1.]]
Fitness
[72.09302326 72.09302326 72.09302326 72.09302326 72.09302326 72.09302326
 72.09302326 72.09302326 72.09302326 72.09302326]
72.09302325581395
Best fitness so far :  72.09302325581395
Parents
[[0. 1. 0. ... 1. 0. 1.]
 [0. 1. 0. ... 1. 0. 1.]]
Crossover
[[0. 1. 0. ... 1. 0. 1.]
 [0. 1. 0. ... 1. 0. 1.]
 [0. 1. 0. ... 1. 0. 1.]
 ...
 [0. 1. 0. ... 1. 0. 1.]
 [0. 1. 0. ... 1. 0. 1.]
 [0. 1. 0. ... 1. 0. 1.]]
Mutation
[[0. 0. 1. ... 1. 0. 1.]
 [0. 0. 1. ... 1. 0. 1.]
 [0. 0. 1. ... 1. 0. 1.]
 ...
 [0. 0. 1. ... 1. 0. 1.]
 [0. 0. 1. ... 1. 0. 1.]
 [0. 0. 1. ... 1. 0. 1.]]
Fitness
[72.09302326 72.09302326 74.41860465 74.41860465 74.41860465 74.41860465
 74.41860465 74.41860465 74.41860465 74.41860465]
74.4186046511628
Best fitness so far :  74.4186046511628
Parents
[[0. 0. 1. ... 1. 0. 1.]
 [0. 0. 1. ... 1. 0. 1.]]
Crossover
[[0. 0. 1. ... 1. 0. 1.]
 [0. 0. 1. ... 1. 0. 1.]
 [0. 0. 1. ... 1. 0. 1.]
 ...
 [0. 0. 1. ... 1. 0. 1.]
 [0. 0. 1. ... 1. 0. 1.]
 [0. 0. 1. ... 1. 0. 1.]]
Mutation
[[0. 0. 1. ... 0. 1. 1.]
 [0. 0. 1. ... 0. 1. 1.]
 [0. 0. 1. ... 0. 1. 1.]
 ...
 [0. 0. 1. ... 0. 1. 1.]
 [0. 0. 1. ... 0. 1. 1.]
 [0. 0. 1. ... 0. 1. 1.]]
Fitness
[74.41860465 74.41860465 69.76744186 69.76744186 69.76744186 69.76744186
 69.76744186 69.76744186 69.76744186 69.76744186]
74.4186046511628
Best fitness so far :  74.4186046511628
Parents
[[0. 0. 1. ... 1. 0. 1.]
 [0. 0. 1. ... 1. 0. 1.]]
Crossover
[[0. 0. 1. ... 1. 0. 1.]
 [0. 0. 1. ... 1. 0. 1.]
 [0. 0. 1. ... 1. 0. 1.]
 ...
 [0. 0. 1. ... 1. 0. 1.]
 [0. 0. 1. ... 1. 0. 1.]
 [0. 0. 1. ... 1. 0. 1.]]
Mutation
[[0. 0. 1. ... 1. 0. 0.]
 [0. 0. 1. ... 1. 0. 0.]
 [0. 0. 1. ... 1. 0. 0.]
 ...
 [0. 0. 1. ... 1. 0. 0.]
 [0. 0. 1. ... 1. 0. 0.]
 [0. 0. 1. ... 1. 0. 0.]]
Fitness
[74.41860465 74.41860465 72.09302326 72.09302326 72.09302326 72.09302326
 72.09302326 72.09302326 72.09302326 72.09302326]
74.4186046511628
Best fitness so far :  74.4186046511628
Parents
[[0. 0. 1. ... 1. 0. 1.]
 [0. 0. 1. ... 1. 0. 1.]]
Crossover
[[0. 0. 1. ... 1. 0. 1.]
 [0. 0. 1. ... 1. 0. 1.]
 [0. 0. 1. ... 1. 0. 1.]
 ...
 [0. 0. 1. ... 1. 0. 1.]
 [0. 0. 1. ... 1. 0. 1.]
 [0. 0. 1. ... 1. 0. 1.]]
Mutation
[[0. 0. 1. ... 1. 0. 1.]
 [0. 0. 1. ... 1. 0. 1.]
 [0. 0. 1. ... 1. 0. 1.]
 ...
 [0. 0. 1. ... 1. 0. 1.]
 [0. 0. 1. ... 1. 0. 1.]
 [0. 0. 1. ... 1. 0. 1.]]
Fitness
[74.41860465 74.41860465 72.09302326 72.09302326 72.09302326 72.09302326
 72.09302326 72.09302326 72.09302326 72.09302326]
74.4186046511628
Best fitness so far :  74.4186046511628
Parents
[[0. 0. 1. ... 1. 0. 1.]
 [0. 0. 1. ... 1. 0. 1.]]
Crossover
[[0. 0. 1. ... 1. 0. 1.]
 [0. 0. 1. ... 1. 0. 1.]
 [0. 0. 1. ... 1. 0. 1.]
 ...
 [0. 0. 1. ... 1. 0. 1.]
 [0. 0. 1. ... 1. 0. 1.]
 [0. 0. 1. ... 1. 0. 1.]]
Mutation
[[0. 0. 1. ... 1. 0. 1.]
 [0. 0. 1. ... 1. 0. 1.]
 [0. 0. 1. ... 1. 0. 1.]
 ...
 [0. 0. 1. ... 1. 0. 1.]
 [0. 0. 1. ... 1. 0. 1.]
 [0. 0. 1. ... 1. 0. 1.]]
Fitness
[74.41860465 74.41860465 72.09302326 72.09302326 72.09302326 72.09302326
 72.09302326 72.09302326 72.09302326 72.09302326]
74.4186046511628
Best fitness so far :  74.4186046511628
Parents
[[0. 0. 1. ... 1. 0. 1.]
 [0. 0. 1. ... 1. 0. 1.]]
Crossover
[[0. 0. 1. ... 1. 0. 1.]
 [0. 0. 1. ... 1. 0. 1.]
 [0. 0. 1. ... 1. 0. 1.]
 ...
 [0. 0. 1. ... 1. 0. 1.]
 [0. 0. 1. ... 1. 0. 1.]
 [0. 0. 1. ... 1. 0. 1.]]
Mutation
[[0. 0. 1. ... 0. 0. 1.]
 [0. 0. 1. ... 0. 0. 1.]
 [0. 0. 1. ... 0. 0. 1.]
 ...
 [0. 0. 1. ... 0. 0. 1.]
 [0. 0. 1. ... 0. 0. 1.]
 [0. 0. 1. ... 0. 0. 1.]]
Fitness
[74.41860465 74.41860465 72.09302326 72.09302326 72.09302326 72.09302326
 72.09302326 72.09302326 72.09302326 72.09302326]
74.4186046511628
Best fitness so far :  74.4186046511628
Parents
[[0. 0. 1. ... 1. 0. 1.]
 [0. 0. 1. ... 1. 0. 1.]]
Crossover
[[0. 0. 1. ... 1. 0. 1.]
 [0. 0. 1. ... 1. 0. 1.]
 [0. 0. 1. ... 1. 0. 1.]
 ...
 [0. 0. 1. ... 1. 0. 1.]
 [0. 0. 1. ... 1. 0. 1.]
 [0. 0. 1. ... 1. 0. 1.]]
Mutation
[[1. 0. 1. ... 1. 0. 1.]
 [1. 0. 1. ... 1. 0. 1.]
 [1. 0. 1. ... 1. 0. 1.]
 ...
 [1. 0. 1. ... 1. 0. 1.]
 [1. 0. 1. ... 1. 0. 1.]
 [1. 0. 1. ... 1. 0. 1.]]
Fitness
[74.41860465 74.41860465 74.41860465 74.41860465 74.41860465 74.41860465
 74.41860465 74.41860465 74.41860465 74.41860465]
74.4186046511628
Best fitness so far :  74.4186046511628
Parents
[[0. 0. 1. ... 1. 0. 1.]
 [0. 0. 1. ... 1. 0. 1.]]
Crossover
[[0. 0. 1. ... 1. 0. 1.]
 [0. 0. 1. ... 1. 0. 1.]
 [0. 0. 1. ... 1. 0. 1.]
 ...
 [0. 0. 1. ... 1. 0. 1.]
 [0. 0. 1. ... 1. 0. 1.]
 [0. 0. 1. ... 1. 0. 1.]]
Mutation
[[0. 0. 1. ... 1. 0. 1.]
 [0. 0. 1. ... 1. 0. 1.]
 [0. 0. 1. ... 1. 0. 1.]
 ...
 [0. 0. 1. ... 1. 0. 1.]
 [0. 0. 1. ... 1. 0. 1.]
 [0. 0. 1. ... 1. 0. 1.]]
Fitness
[74.41860465 74.41860465 74.41860465 74.41860465 74.41860465 74.41860465
 74.41860465 74.41860465 74.41860465 74.41860465]
74.4186046511628
Best fitness so far :  74.4186046511628
Parents
[[0. 0. 1. ... 1. 0. 1.]
 [0. 0. 1. ... 1. 0. 1.]]
Crossover
[[0. 0. 1. ... 1. 0. 1.]
 [0. 0. 1. ... 1. 0. 1.]
 [0. 0. 1. ... 1. 0. 1.]
 ...
 [0. 0. 1. ... 1. 0. 1.]
 [0. 0. 1. ... 1. 0. 1.]
 [0. 0. 1. ... 1. 0. 1.]]
Mutation
[[0. 0. 1. ... 1. 0. 1.]
 [0. 0. 1. ... 1. 0. 1.]
 [0. 0. 1. ... 1. 0. 1.]
 ...
 [0. 0. 1. ... 1. 0. 1.]
 [0. 0. 1. ... 1. 0. 1.]
 [0. 0. 1. ... 1. 0. 1.]]
Fitness
[74.41860465 74.41860465 72.09302326 72.09302326 72.09302326 72.09302326
 72.09302326 72.09302326 72.09302326 72.09302326]
74.4186046511628
Best fitness so far :  74.4186046511628
Parents
[[0. 0. 1. ... 1. 0. 1.]
 [0. 0. 1. ... 1. 0. 1.]]
Crossover
[[0. 0. 1. ... 1. 0. 1.]
 [0. 0. 1. ... 1. 0. 1.]
 [0. 0. 1. ... 1. 0. 1.]
 ...
 [0. 0. 1. ... 1. 0. 1.]
 [0. 0. 1. ... 1. 0. 1.]
 [0. 0. 1. ... 1. 0. 1.]]
Mutation
[[0. 0. 0. ... 1. 0. 1.]
 [0. 0. 0. ... 1. 0. 1.]
 [0. 0. 0. ... 1. 0. 1.]
 ...
 [0. 0. 0. ... 1. 0. 1.]
 [0. 0. 0. ... 1. 0. 1.]
 [0. 0. 0. ... 1. 0. 1.]]
Fitness
[74.41860465 74.41860465 72.09302326 72.09302326 72.09302326 72.09302326
 72.09302326 72.09302326 72.09302326 72.09302326]
74.4186046511628
Best fitness so far :  74.4186046511628
Parents
[[0. 0. 1. ... 1. 0. 1.]
 [0. 0. 1. ... 1. 0. 1.]]
Crossover
[[0. 0. 1. ... 1. 0. 1.]
 [0. 0. 1. ... 1. 0. 1.]
 [0. 0. 1. ... 1. 0. 1.]
 ...
 [0. 0. 1. ... 1. 0. 1.]
 [0. 0. 1. ... 1. 0. 1.]
 [0. 0. 1. ... 1. 0. 1.]]
Mutation
[[0. 0. 1. ... 1. 0. 1.]
 [0. 0. 1. ... 1. 0. 1.]
 [0. 0. 1. ... 1. 0. 1.]
 ...
 [0. 0. 1. ... 1. 0. 1.]
 [0. 0. 1. ... 1. 0. 1.]
 [0. 0. 1. ... 1. 0. 1.]]
Fitness
[74.41860465 74.41860465 74.41860465 74.41860465 74.41860465 74.41860465
 74.41860465 74.41860465 74.41860465 74.41860465]
74.4186046511628
Best fitness so far :  74.4186046511628
Parents
[[0. 0. 1. ... 1. 0. 1.]
 [0. 0. 1. ... 1. 0. 1.]]
Crossover
[[0. 0. 1. ... 1. 0. 1.]
 [0. 0. 1. ... 1. 0. 1.]
 [0. 0. 1. ... 1. 0. 1.]
 ...
 [0. 0. 1. ... 1. 0. 1.]
 [0. 0. 1. ... 1. 0. 1.]
 [0. 0. 1. ... 1. 0. 1.]]
Mutation
[[0. 0. 1. ... 1. 0. 1.]
 [0. 0. 1. ... 1. 0. 1.]
 [0. 0. 1. ... 1. 0. 1.]
 ...
 [0. 0. 1. ... 1. 0. 1.]
 [0. 0. 1. ... 1. 0. 1.]
 [0. 0. 1. ... 1. 0. 1.]]
Fitness
[74.41860465 74.41860465 72.09302326 72.09302326 72.09302326 72.09302326
 72.09302326 72.09302326 72.09302326 72.09302326]
74.4186046511628
Best fitness so far :  74.4186046511628
Parents
[[0. 0. 1. ... 1. 0. 1.]
 [0. 0. 1. ... 1. 0. 1.]]
Crossover
[[0. 0. 1. ... 1. 0. 1.]
 [0. 0. 1. ... 1. 0. 1.]
 [0. 0. 1. ... 1. 0. 1.]
 ...
 [0. 0. 1. ... 1. 0. 1.]
 [0. 0. 1. ... 1. 0. 1.]
 [0. 0. 1. ... 1. 0. 1.]]
Mutation
[[0. 0. 1. ... 1. 0. 1.]
 [0. 0. 1. ... 1. 0. 1.]
 [0. 0. 1. ... 1. 0. 1.]
 ...
 [0. 0. 1. ... 1. 0. 1.]
 [0. 0. 1. ... 1. 0. 1.]
 [0. 0. 1. ... 1. 0. 1.]]
Fitness
[74.41860465 74.41860465 72.09302326 72.09302326 72.09302326 72.09302326
 72.09302326 72.09302326 72.09302326 72.09302326]
74.4186046511628
Best fitness so far :  74.4186046511628
Parents
[[0. 0. 1. ... 1. 0. 1.]
 [0. 0. 1. ... 1. 0. 1.]]
Crossover
[[0. 0. 1. ... 1. 0. 1.]
 [0. 0. 1. ... 1. 0. 1.]
 [0. 0. 1. ... 1. 0. 1.]
 ...
 [0. 0. 1. ... 1. 0. 1.]
 [0. 0. 1. ... 1. 0. 1.]
 [0. 0. 1. ... 1. 0. 1.]]
Mutation
[[0. 0. 1. ... 1. 0. 1.]
 [0. 0. 1. ... 1. 0. 1.]
 [0. 0. 1. ... 1. 0. 1.]
 ...
 [0. 0. 1. ... 1. 0. 1.]
 [0. 0. 1. ... 1. 0. 1.]
 [0. 0. 1. ... 1. 0. 1.]]
Fitness
[74.41860465 74.41860465 74.41860465 74.41860465 74.41860465 74.41860465
 74.41860465 74.41860465 74.41860465 74.41860465]
74.4186046511628
Best fitness so far :  74.4186046511628
Parents
[[0. 0. 1. ... 1. 0. 1.]
 [0. 0. 1. ... 1. 0. 1.]]
Crossover
[[0. 0. 1. ... 1. 0. 1.]
 [0. 0. 1. ... 1. 0. 1.]
 [0. 0. 1. ... 1. 0. 1.]
 ...
 [0. 0. 1. ... 1. 0. 1.]
 [0. 0. 1. ... 1. 0. 1.]
 [0. 0. 1. ... 1. 0. 1.]]
Mutation
[[0. 0. 0. ... 1. 0. 0.]
 [0. 0. 0. ... 1. 0. 0.]
 [0. 0. 0. ... 1. 0. 0.]
 ...
 [0. 0. 0. ... 1. 0. 0.]
 [0. 0. 0. ... 1. 0. 0.]
 [0. 0. 0. ... 1. 0. 0.]]
Fitness
[74.41860465 74.41860465 72.09302326 72.09302326 72.09302326 72.09302326
 72.09302326 72.09302326 72.09302326 72.09302326]
74.4186046511628
Best fitness so far :  74.4186046511628
Parents
[[0. 0. 1. ... 1. 0. 1.]
 [0. 0. 1. ... 1. 0. 1.]]
Crossover
[[0. 0. 1. ... 1. 0. 1.]
 [0. 0. 1. ... 1. 0. 1.]
 [0. 0. 1. ... 1. 0. 1.]
 ...
 [0. 0. 1. ... 1. 0. 1.]
 [0. 0. 1. ... 1. 0. 1.]
 [0. 0. 1. ... 1. 0. 1.]]
Mutation
[[0. 0. 1. ... 1. 0. 0.]
 [0. 0. 1. ... 1. 0. 0.]
 [0. 0. 1. ... 1. 0. 0.]
 ...
 [0. 0. 1. ... 1. 0. 0.]
 [0. 0. 1. ... 1. 0. 0.]
 [0. 0. 1. ... 1. 0. 0.]]
Fitness
[74.41860465 74.41860465 74.41860465 74.41860465 74.41860465 74.41860465
 74.41860465 74.41860465 74.41860465 74.41860465]
74.4186046511628
Best fitness so far :  74.4186046511628
Parents
[[0. 0. 1. ... 1. 0. 1.]
 [0. 0. 1. ... 1. 0. 1.]]
Crossover
[[0. 0. 1. ... 1. 0. 1.]
 [0. 0. 1. ... 1. 0. 1.]
 [0. 0. 1. ... 1. 0. 1.]
 ...
 [0. 0. 1. ... 1. 0. 1.]
 [0. 0. 1. ... 1. 0. 1.]
 [0. 0. 1. ... 1. 0. 1.]]
Mutation
[[0. 0. 0. ... 1. 0. 1.]
 [0. 0. 0. ... 1. 0. 1.]
 [0. 0. 0. ... 1. 0. 1.]
 ...
 [0. 0. 0. ... 1. 0. 1.]
 [0. 0. 0. ... 1. 0. 1.]
 [0. 0. 0. ... 1. 0. 1.]]
Fitness
[74.41860465 74.41860465 72.09302326 72.09302326 72.09302326 72.09302326
 72.09302326 72.09302326 72.09302326 72.09302326]
74.4186046511628
Best fitness so far :  74.4186046511628
Parents
[[0. 0. 1. ... 1. 0. 1.]
 [0. 0. 1. ... 1. 0. 1.]]
Crossover
[[0. 0. 1. ... 1. 0. 1.]
 [0. 0. 1. ... 1. 0. 1.]
 [0. 0. 1. ... 1. 0. 1.]
 ...
 [0. 0. 1. ... 1. 0. 1.]
 [0. 0. 1. ... 1. 0. 1.]
 [0. 0. 1. ... 1. 0. 1.]]
Mutation
[[0. 1. 1. ... 1. 0. 1.]
 [0. 1. 1. ... 1. 0. 1.]
 [0. 1. 1. ... 1. 0. 1.]
 ...
 [0. 1. 1. ... 1. 0. 1.]
 [0. 1. 1. ... 1. 0. 1.]
 [0. 1. 1. ... 1. 0. 1.]]
Fitness
[74.41860465 74.41860465 72.09302326 72.09302326 72.09302326 72.09302326
 72.09302326 72.09302326 72.09302326 72.09302326]
74.4186046511628
Best fitness so far :  74.4186046511628
Parents
[[0. 0. 1. ... 1. 0. 1.]
 [0. 0. 1. ... 1. 0. 1.]]
Crossover
[[0. 0. 1. ... 1. 0. 1.]
 [0. 0. 1. ... 1. 0. 1.]
 [0. 0. 1. ... 1. 0. 1.]
 ...
 [0. 0. 1. ... 1. 0. 1.]
 [0. 0. 1. ... 1. 0. 1.]
 [0. 0. 1. ... 1. 0. 1.]]
Mutation
[[0. 0. 1. ... 1. 0. 0.]
 [0. 0. 1. ... 1. 0. 0.]
 [0. 0. 1. ... 1. 0. 0.]
 ...
 [0. 0. 1. ... 1. 0. 0.]
 [0. 0. 1. ... 1. 0. 0.]
 [0. 0. 1. ... 1. 0. 0.]]
Fitness
[74.41860465 74.41860465 74.41860465 74.41860465 74.41860465 74.41860465
 74.41860465 74.41860465 74.41860465 74.41860465]
74.4186046511628
Best fitness so far :  74.4186046511628
Parents
[[0. 0. 1. ... 1. 0. 1.]
 [0. 0. 1. ... 1. 0. 1.]]
Crossover
[[0. 0. 1. ... 1. 0. 1.]
 [0. 0. 1. ... 1. 0. 1.]
 [0. 0. 1. ... 1. 0. 1.]
 ...
 [0. 0. 1. ... 1. 0. 1.]
 [0. 0. 1. ... 1. 0. 1.]
 [0. 0. 1. ... 1. 0. 1.]]
Mutation
[[0. 0. 1. ... 1. 0. 1.]
 [0. 0. 1. ... 1. 0. 1.]
 [0. 0. 1. ... 1. 0. 1.]
 ...
 [0. 0. 1. ... 1. 0. 1.]
 [0. 0. 1. ... 1. 0. 1.]
 [0. 0. 1. ... 1. 0. 1.]]
best_solution :  [0 0 1 1 0 0 1 1 0 0 0 1 0 0 0 0 0 1 1 0 1 1 0 1 1 1 1 1 1 0 0 0 0 1 1 0 1
 0 0 0 1 0 1 1 1 1 0 1 0 1 1 1 0 1 1 1 1 1 0 1 1 0 1 1 1 0 1 0 1 1 0 0 0 0
 1 1 1 0 1 0 1 0 0 0 1 0 0 0 1 0 0 1 0 0 1 1 1 1 0 1 1 0 0 1 0 0 0 0 0 1 1
 1 0 1 1 0 1 0 1 1 1 1 1 1 0 1 1 1 0 0 0 1 0 0 1 0 0 1 0 0 1 1 1 0 1 0 1 1
 0 1 0 0 0 1 0 0 1 1 1 0 0 0 0 1 0 0 1 1 0 0 0 1 0 1 0 0 1 0 1 0 1 1 1 1 0
 0 1 1 1 0 0 1 0 1 0 0 0 1 0 1 1 1 1 0 1 1 1 0 1 1 1 1 1 0 1 1 1 1 0 0 1 1
 0 0 1 1 0 0 1 1 0 1 1 0 0 0 0 1 1 0 0 1 1 1 0 1 0 1 1 0 0 0 1 0 0 1 0 0 0
 1 1 0 1 1 1 0 1 1 1 0 0 0 0 0 0 1 1 0 1 0 1 1 1 0 1 0 0 0 1 1 1 0 0 0 0 0
 1 0 0 0 0 1 0 0 1 0 0 0 1 0 0 0 0 1 0 0 0 0 1 1 0 0 1 0 1 1 1 1 1 0 1 1 1
 0 1 0 1 1 1 0 0 0 1 0 0 1 1 0 1 1 1 1 0 1 0 0 0 1 0 1 1 0 1 1 1 1 0 1 0 0
 1 0 0 1 0 0 0 1 0 0 0 0 0 0 1 0 1 0 1 1 0 0 1 0 0 1 0 1 1 0 0 0 1 1 1 1 1
 0 0 0 1 0 1 0 0 0 1 0 1 0 1 0 1 1 1 0 0 0 1 0 1 0 0 1 1 1 1 0 0 0 1 0 1 1
 1 1 0 1 0 1 0 0 1 0 1 1 0 0 0 0 0 0 0 0 1 1 1 1 1 1 1 1 0 1 0 0 1 0 1 0 0
 1 0 0 1 0 0 1 1 0 0 1 0 0 1 1 1 0 1 0 1 1 0 0 0 0 1 1 0 0 1 0 0 0 1 1 0 0
 1 1 1 1 1 0 0 1 0 0 1 1 0 0 1 1 1 0 0 1 0 1 1 1 1 1 1 1 0 0 0 1 0 1 0 0 1
 1 1 1 0 1 0 0 1 1 0 1 1 0 0 0 0 1 1 0 0 0 1 1 1 1 1 1 0 1 1 1 1 0 1 1 0 1
 0 0 0 1 0 0 0 1 0 1 0 1 1 1 1 1 0 0 0 0 0 0 0 0 0 1 1 0 0 0 1 1 1 0 0 1 1
 1 1 0 1 0 1 1 0 0 0 0 0 0 1 0 1 0 1 0 1 0 1 0 0 1 1 1 1 1 1 0 1 1 0 0 0 1
 1 0 0 1 0 1 0 1 1 0 1 0 1 1 0 0 1 0 1 0 1 1 1 1 0 1 0 0 1 1 1 0 1 0 0 1 1
 1 0 1 1 1 0 1]
Selected indices :  [  2   3   6   7  11  17  18  20  21  23  24  25  26  27  28  33  34  36
  40  42  43  44  45  47  49  50  51  53  54  55  56  57  59  60  62  63
  64  66  68  69  74  75  76  78  80  84  88  91  94  95  96  97  99 100
 103 109 110 111 113 114 116 118 119 120 121 122 123 125 126 127 131 134
 137 140 141 142 144 146 147 149 153 156 157 158 163 166 167 171 173 176
 178 180 181 182 183 186 187 188 191 193 197 199 200 201 202 204 205 206
 208 209 210 211 212 214 215 216 217 220 221 224 225 228 229 231 232 237
 238 241 242 243 245 247 248 252 255 259 260 262 263 264 266 267 268 275
 276 278 280 281 282 284 288 289 290 296 301 304 308 313 318 319 322 324
 325 326 327 328 330 331 332 334 336 337 338 342 345 346 348 349 350 351
 353 357 359 360 362 363 364 365 367 370 373 377 384 386 388 389 392 395
 397 398 402 403 404 405 406 410 412 416 418 420 422 423 424 428 430 433
 434 435 436 440 442 443 444 445 447 449 452 454 455 464 465 466 467 468
 469 470 471 473 476 478 481 484 487 488 491 494 495 496 498 500 501 506
 507 510 514 515 518 519 520 521 522 525 528 529 532 533 534 537 539 540
 541 542 543 544 545 549 551 554 555 556 557 559 562 563 565 566 571 572
 576 577 578 579 580 581 583 584 585 586 588 589 591 595 599 601 603 604
 605 606 607 617 618 622 623 624 627 628 629 630 632 634 635 642 644 646
 648 650 653 654 655 656 657 658 660 661 665 666 669 671 673 674 676 678
 679 682 684 686 687 688 689 691 694 695 696 698 701 702 703 705 706 707
 709]
Number of selected features :  361
Best solution fitness(Training accuracy) :  74.4186046511628
Printing features in the best feature subset
0 : y_9
1 : y_66
2 : y_64
3 : y_60
4 : y_6
5 : y_59
6 : y_58
7 : y_56
8 : y_54
9 : y_52
10 : y_48
11 : y_46
12 : y_42
13 : y_41
14 : y_40
15 : y_39
16 : y_38
17 : y_34
18 : y_33
19 : y_31
20 : y_3
21 : y_28
22 : y_25
23 : y_24
24 : y_22
25 : y_20
26 : y_13
27 : y_1
28 : y_0
29 : x_8
30 : x_67
31 : x_66
32 : x_64
33 : x_63
34 : x_61
35 : x_57
36 : x_55
37 : x_54
38 : x_53
39 : x_52
40 : x_50
41 : x_5
42 : x_49
43 : x_46
44 : x_42
45 : x_41
46 : x_40
47 : x_38
48 : x_36
49 : x_35
50 : x_34
51 : x_32
52 : x_31
53 : x_30
54 : x_29
55 : x_28
56 : x_26
57 : x_23
58 : x_22
59 : x_17
60 : x_12
61 : x_0
62 : pose_Tx
63 : p_8
64 : p_6
65 : p_4
66 : p_32
67 : p_31
68 : p_29
69 : p_27
70 : p_24
71 : p_23
72 : p_2
73 : p_19
74 : p_18
75 : p_16
76 : p_15
77 : p_14
78 : p_13
79 : p_12
80 : p_11
81 : p_0
82 : gaze_1_z
83 : gaze_1_y
84 : gaze_0_y
85 : gaze_0_x
86 : eye_lmk_y_9
87 : eye_lmk_y_8
88 : eye_lmk_y_55
89 : eye_lmk_y_54
90 : eye_lmk_y_53
91 : eye_lmk_y_52
92 : eye_lmk_y_50
93 : eye_lmk_y_48
94 : eye_lmk_y_47
95 : eye_lmk_y_45
96 : eye_lmk_y_44
97 : eye_lmk_y_43
98 : eye_lmk_y_37
99 : eye_lmk_y_34
100 : eye_lmk_y_33
101 : eye_lmk_y_31
102 : eye_lmk_y_30
103 : eye_lmk_y_3
104 : eye_lmk_y_29
105 : eye_lmk_y_28
106 : eye_lmk_y_25
107 : eye_lmk_y_22
108 : eye_lmk_y_2
109 : eye_lmk_y_18
110 : eye_lmk_y_14
111 : eye_lmk_y_12
112 : eye_lmk_y_10
113 : eye_lmk_y_0
114 : eye_lmk_x_8
115 : eye_lmk_x_7
116 : eye_lmk_x_54
117 : eye_lmk_x_53
118 : eye_lmk_x_52
119 : eye_lmk_x_50
120 : eye_lmk_x_49
121 : eye_lmk_x_47
122 : eye_lmk_x_46
123 : eye_lmk_x_45
124 : eye_lmk_x_44
125 : eye_lmk_x_43
126 : eye_lmk_x_41
127 : eye_lmk_x_40
128 : eye_lmk_x_39
129 : eye_lmk_x_37
130 : eye_lmk_x_35
131 : eye_lmk_x_34
132 : eye_lmk_x_33
133 : eye_lmk_x_32
134 : eye_lmk_x_30
135 : eye_lmk_x_26
136 : eye_lmk_x_24
137 : eye_lmk_x_23
138 : eye_lmk_x_18
139 : eye_lmk_x_17
140 : eye_lmk_x_16
141 : eye_lmk_x_15
142 : eye_lmk_x_14
143 : eye_lmk_x_13
144 : eye_lmk_x_11
145 : eye_lmk_x_10
146 : eye_lmk_x_1
147 : eye_lmk_Z_9
148 : eye_lmk_Z_8
149 : eye_lmk_Z_7
150 : eye_lmk_Z_55
151 : eye_lmk_Z_54
152 : eye_lmk_Z_50
153 : eye_lmk_Z_48
154 : eye_lmk_Z_47
155 : eye_lmk_Z_46
156 : eye_lmk_Z_44
157 : eye_lmk_Z_42
158 : eye_lmk_Z_41
159 : eye_lmk_Z_4
160 : eye_lmk_Z_34
161 : eye_lmk_Z_33
162 : eye_lmk_Z_32
163 : eye_lmk_Z_30
164 : eye_lmk_Z_3
165 : eye_lmk_Z_29
166 : eye_lmk_Z_28
167 : eye_lmk_Z_26
168 : eye_lmk_Z_25
169 : eye_lmk_Z_21
170 : eye_lmk_Z_18
171 : eye_lmk_Z_14
172 : eye_lmk_Z_13
173 : eye_lmk_Z_11
174 : eye_lmk_Y_9
175 : eye_lmk_Y_8
176 : eye_lmk_Y_54
177 : eye_lmk_Y_53
178 : eye_lmk_Y_51
179 : eye_lmk_Y_50
180 : eye_lmk_Y_5
181 : eye_lmk_Y_47
182 : eye_lmk_Y_46
183 : eye_lmk_Y_43
184 : eye_lmk_Y_42
185 : eye_lmk_Y_4
186 : eye_lmk_Y_39
187 : eye_lmk_Y_38
188 : eye_lmk_Y_37
189 : eye_lmk_Y_36
190 : eye_lmk_Y_34
191 : eye_lmk_Y_33
192 : eye_lmk_Y_32
193 : eye_lmk_Y_31
194 : eye_lmk_Y_30
195 : eye_lmk_Y_3
196 : eye_lmk_Y_28
197 : eye_lmk_Y_27
198 : eye_lmk_Y_26
199 : eye_lmk_Y_24
200 : eye_lmk_Y_23
201 : eye_lmk_Y_22
202 : eye_lmk_Y_21
203 : eye_lmk_Y_2
204 : eye_lmk_Y_19
205 : eye_lmk_Y_15
206 : eye_lmk_Y_13
207 : eye_lmk_Y_10
208 : eye_lmk_Y_0
209 : eye_lmk_X_9
210 : eye_lmk_X_54
211 : eye_lmk_X_51
212 : eye_lmk_X_5
213 : eye_lmk_X_49
214 : eye_lmk_X_45
215 : eye_lmk_X_44
216 : eye_lmk_X_41
217 : eye_lmk_X_4
218 : eye_lmk_X_36
219 : eye_lmk_X_35
220 : eye_lmk_X_34
221 : eye_lmk_X_31
222 : eye_lmk_X_3
223 : eye_lmk_X_27
224 : eye_lmk_X_25
225 : eye_lmk_X_24
226 : eye_lmk_X_22
227 : eye_lmk_X_20
228 : eye_lmk_X_19
229 : eye_lmk_X_18
230 : eye_lmk_X_15
231 : eye_lmk_X_12
232 : eye_lmk_X_1
233 : eye_lmk_X_0
234 : Z_9
235 : Z_8
236 : Z_67
237 : Z_66
238 : Z_64
239 : Z_62
240 : Z_61
241 : Z_60
242 : Z_59
243 : Z_56
244 : Z_55
245 : Z_54
246 : Z_50
247 : Z_49
248 : Z_4
249 : Z_39
250 : Z_38
251 : Z_37
252 : Z_36
253 : Z_35
254 : Z_33
255 : Z_31
256 : Z_3
257 : Z_27
258 : Z_23
259 : Z_21
260 : Z_20
261 : Z_18
262 : Z_17
263 : Z_16
264 : Z_15
265 : Z_13
266 : Z_12
267 : Z_11
268 : Z_10
269 : Y_7
270 : Y_66
271 : Y_65
272 : Y_63
273 : Y_62
274 : Y_6
275 : Y_59
276 : Y_57
277 : Y_56
278 : Y_55
279 : Y_54
280 : Y_51
281 : Y_49
282 : Y_45
283 : Y_44
284 : Y_43
285 : Y_42
286 : Y_41
287 : Y_40
288 : Y_39
289 : Y_37
290 : Y_34
291 : Y_33
292 : Y_32
293 : Y_29
294 : Y_28
295 : Y_25
296 : Y_22
297 : Y_21
298 : Y_20
299 : Y_19
300 : Y_18
301 : Y_15
302 : Y_14
303 : Y_10
304 : Y_1
305 : Y_0
306 : X_8
307 : X_66
308 : X_64
309 : X_63
310 : X_62
311 : X_59
312 : X_56
313 : X_55
314 : X_52
315 : X_49
316 : X_46
317 : X_44
318 : X_41
319 : X_4
320 : X_39
321 : X_38
322 : X_37
323 : X_36
324 : X_35
325 : X_34
326 : X_33
327 : X_32
328 : X_3
329 : X_23
330 : X_22
331 : X_20
332 : X_2
333 : X_17
334 : X_15
335 : X_13
336 : X_12
337 : X_11
338 : X_10
339 : X_1
340 : AU28_c
341 : AU26_r
342 : AU25_c
343 : AU23_r
344 : AU23_c
345 : AU20_r
346 : AU20_c
347 : AU17_r
348 : AU15_r
349 : AU15_c
350 : AU14_c
351 : AU12_r
352 : AU12_c
353 : AU09_r
354 : AU07_c
355 : AU05_r
356 : AU05_c
357 : AU04_r
358 : AU04_c
359 : AU02_c
360 : AU01_r
[69.76744186046511, 69.76744186046511, 69.76744186046511, 69.76744186046511, 69.76744186046511, 69.76744186046511, 72.09302325581395, 72.09302325581395, 72.09302325581395, 72.09302325581395, 72.09302325581395, 72.09302325581395, 72.09302325581395, 72.09302325581395, 72.09302325581395, 72.09302325581395, 72.09302325581395, 72.09302325581395, 72.09302325581395, 72.09302325581395, 72.09302325581395, 72.09302325581395, 72.09302325581395, 72.09302325581395, 72.09302325581395, 72.09302325581395, 72.09302325581395, 72.09302325581395, 72.09302325581395, 72.09302325581395, 72.09302325581395, 74.4186046511628, 74.4186046511628, 74.4186046511628, 74.4186046511628, 74.4186046511628, 74.4186046511628, 74.4186046511628, 74.4186046511628, 74.4186046511628, 74.4186046511628, 74.4186046511628, 74.4186046511628, 74.4186046511628, 74.4186046511628, 74.4186046511628, 74.4186046511628, 74.4186046511628, 74.4186046511628, 74.4186046511628]
Testing Accuracy of the best solution is : 55.55555555555556
