Mating : rank
Crossover : single
Mutation : swap
Fitness
[83.72093023 86.04651163 83.72093023 83.72093023 86.04651163 83.72093023
 74.41860465 81.39534884 81.39534884 81.39534884]
86.04651162790698
Best fitness so far :  86.04651162790698
Parents
[[0. 1. 1. ... 0. 0. 0.]
 [1. 1. 1. ... 1. 1. 0.]]
Crossover
[[0. 1. 1. ... 1. 1. 0.]
 [1. 1. 1. ... 0. 0. 0.]
 [0. 1. 1. ... 1. 1. 0.]
 ...
 [1. 1. 1. ... 0. 0. 0.]
 [0. 1. 1. ... 1. 1. 0.]
 [1. 1. 1. ... 0. 0. 0.]]
Mutation
[[0. 1. 1. ... 1. 1. 0.]
 [1. 1. 1. ... 0. 0. 1.]
 [0. 1. 1. ... 1. 1. 0.]
 ...
 [1. 1. 1. ... 0. 0. 1.]
 [0. 1. 1. ... 1. 1. 0.]
 [1. 1. 1. ... 0. 0. 1.]]
Fitness
[86.04651163 86.04651163 83.72093023 86.04651163 83.72093023 86.04651163
 83.72093023 86.04651163 83.72093023 86.04651163]
86.04651162790698
Best fitness so far :  86.04651162790698
Parents
[[0. 1. 1. ... 0. 0. 0.]
 [1. 1. 1. ... 1. 1. 0.]]
Crossover
[[0. 1. 1. ... 1. 1. 0.]
 [1. 1. 1. ... 0. 0. 0.]
 [0. 1. 1. ... 1. 1. 0.]
 ...
 [1. 1. 1. ... 0. 0. 0.]
 [0. 1. 1. ... 1. 1. 0.]
 [1. 1. 1. ... 0. 0. 0.]]
Mutation
[[0. 1. 1. ... 1. 1. 0.]
 [1. 1. 1. ... 0. 0. 0.]
 [0. 1. 1. ... 1. 1. 0.]
 ...
 [1. 1. 1. ... 0. 0. 0.]
 [0. 1. 1. ... 1. 1. 0.]
 [1. 1. 1. ... 0. 0. 0.]]
Fitness
[86.04651163 86.04651163 81.39534884 88.37209302 81.39534884 88.37209302
 81.39534884 88.37209302 81.39534884 88.37209302]
88.37209302325581
Best fitness so far :  88.37209302325581
Parents
[[1. 1. 1. ... 0. 0. 0.]
 [1. 1. 1. ... 0. 0. 0.]]
Crossover
[[1. 1. 1. ... 0. 0. 0.]
 [1. 1. 1. ... 0. 0. 0.]
 [1. 1. 1. ... 0. 0. 0.]
 ...
 [1. 1. 1. ... 0. 0. 0.]
 [1. 1. 1. ... 0. 0. 0.]
 [1. 1. 1. ... 0. 0. 0.]]
Mutation
[[1. 1. 0. ... 0. 0. 0.]
 [1. 1. 0. ... 0. 0. 0.]
 [1. 1. 0. ... 0. 0. 0.]
 ...
 [1. 1. 0. ... 0. 0. 0.]
 [1. 1. 0. ... 0. 0. 0.]
 [1. 1. 0. ... 0. 0. 0.]]
Fitness
[88.37209302 88.37209302 83.72093023 83.72093023 83.72093023 83.72093023
 83.72093023 83.72093023 83.72093023 83.72093023]
88.37209302325581
Best fitness so far :  88.37209302325581
Parents
[[1. 1. 1. ... 0. 0. 0.]
 [1. 1. 1. ... 0. 0. 0.]]
Crossover
[[1. 1. 1. ... 0. 0. 0.]
 [1. 1. 1. ... 0. 0. 0.]
 [1. 1. 1. ... 0. 0. 0.]
 ...
 [1. 1. 1. ... 0. 0. 0.]
 [1. 1. 1. ... 0. 0. 0.]
 [1. 1. 1. ... 0. 0. 0.]]
Mutation
[[1. 1. 1. ... 0. 1. 1.]
 [1. 1. 1. ... 0. 1. 1.]
 [1. 1. 1. ... 0. 1. 1.]
 ...
 [1. 1. 1. ... 0. 1. 1.]
 [1. 1. 1. ... 0. 1. 1.]
 [1. 1. 1. ... 0. 1. 1.]]
Fitness
[88.37209302 88.37209302 79.06976744 79.06976744 79.06976744 79.06976744
 79.06976744 79.06976744 79.06976744 79.06976744]
88.37209302325581
Best fitness so far :  88.37209302325581
Parents
[[1. 1. 1. ... 0. 0. 0.]
 [1. 1. 1. ... 0. 0. 0.]]
Crossover
[[1. 1. 1. ... 0. 0. 0.]
 [1. 1. 1. ... 0. 0. 0.]
 [1. 1. 1. ... 0. 0. 0.]
 ...
 [1. 1. 1. ... 0. 0. 0.]
 [1. 1. 1. ... 0. 0. 0.]
 [1. 1. 1. ... 0. 0. 0.]]
Mutation
[[1. 1. 1. ... 0. 0. 0.]
 [1. 1. 1. ... 0. 0. 0.]
 [1. 1. 1. ... 0. 0. 0.]
 ...
 [1. 1. 1. ... 0. 0. 0.]
 [1. 1. 1. ... 0. 0. 0.]
 [1. 1. 1. ... 0. 0. 0.]]
Fitness
[88.37209302 88.37209302 86.04651163 86.04651163 86.04651163 86.04651163
 86.04651163 86.04651163 86.04651163 86.04651163]
88.37209302325581
Best fitness so far :  88.37209302325581
Parents
[[1. 1. 1. ... 0. 0. 0.]
 [1. 1. 1. ... 0. 0. 0.]]
Crossover
[[1. 1. 1. ... 0. 0. 0.]
 [1. 1. 1. ... 0. 0. 0.]
 [1. 1. 1. ... 0. 0. 0.]
 ...
 [1. 1. 1. ... 0. 0. 0.]
 [1. 1. 1. ... 0. 0. 0.]
 [1. 1. 1. ... 0. 0. 0.]]
Mutation
[[1. 1. 1. ... 0. 0. 1.]
 [1. 1. 1. ... 0. 0. 1.]
 [1. 1. 1. ... 0. 0. 1.]
 ...
 [1. 1. 1. ... 0. 0. 1.]
 [1. 1. 1. ... 0. 0. 1.]
 [1. 1. 1. ... 0. 0. 1.]]
Fitness
[88.37209302 88.37209302 88.37209302 88.37209302 88.37209302 88.37209302
 88.37209302 88.37209302 88.37209302 88.37209302]
88.37209302325581
Best fitness so far :  88.37209302325581
Parents
[[1. 1. 1. ... 0. 0. 0.]
 [1. 1. 1. ... 0. 0. 0.]]
Crossover
[[1. 1. 1. ... 0. 0. 0.]
 [1. 1. 1. ... 0. 0. 0.]
 [1. 1. 1. ... 0. 0. 0.]
 ...
 [1. 1. 1. ... 0. 0. 0.]
 [1. 1. 1. ... 0. 0. 0.]
 [1. 1. 1. ... 0. 0. 0.]]
Mutation
[[1. 1. 1. ... 0. 0. 0.]
 [1. 1. 1. ... 0. 0. 0.]
 [1. 1. 1. ... 0. 0. 0.]
 ...
 [1. 1. 1. ... 0. 0. 0.]
 [1. 1. 1. ... 0. 0. 0.]
 [1. 1. 1. ... 0. 0. 0.]]
Fitness
[88.37209302 88.37209302 88.37209302 88.37209302 88.37209302 88.37209302
 88.37209302 88.37209302 88.37209302 88.37209302]
88.37209302325581
Best fitness so far :  88.37209302325581
Parents
[[1. 1. 1. ... 0. 0. 0.]
 [1. 1. 1. ... 0. 0. 0.]]
Crossover
[[1. 1. 1. ... 0. 0. 0.]
 [1. 1. 1. ... 0. 0. 0.]
 [1. 1. 1. ... 0. 0. 0.]
 ...
 [1. 1. 1. ... 0. 0. 0.]
 [1. 1. 1. ... 0. 0. 0.]
 [1. 1. 1. ... 0. 0. 0.]]
Mutation
[[1. 1. 1. ... 1. 0. 0.]
 [1. 1. 1. ... 1. 0. 0.]
 [1. 1. 1. ... 1. 0. 0.]
 ...
 [1. 1. 1. ... 1. 0. 0.]
 [1. 1. 1. ... 1. 0. 0.]
 [1. 1. 1. ... 1. 0. 0.]]
Fitness
[88.37209302 88.37209302 86.04651163 86.04651163 86.04651163 86.04651163
 86.04651163 86.04651163 86.04651163 86.04651163]
88.37209302325581
Best fitness so far :  88.37209302325581
Parents
[[1. 1. 1. ... 0. 0. 0.]
 [1. 1. 1. ... 0. 0. 0.]]
Crossover
[[1. 1. 1. ... 0. 0. 0.]
 [1. 1. 1. ... 0. 0. 0.]
 [1. 1. 1. ... 0. 0. 0.]
 ...
 [1. 1. 1. ... 0. 0. 0.]
 [1. 1. 1. ... 0. 0. 0.]
 [1. 1. 1. ... 0. 0. 0.]]
Mutation
[[1. 0. 1. ... 0. 0. 0.]
 [1. 0. 1. ... 0. 0. 0.]
 [1. 0. 1. ... 0. 0. 0.]
 ...
 [1. 0. 1. ... 0. 0. 0.]
 [1. 0. 1. ... 0. 0. 0.]
 [1. 0. 1. ... 0. 0. 0.]]
Fitness
[88.37209302 88.37209302 81.39534884 81.39534884 81.39534884 81.39534884
 81.39534884 81.39534884 81.39534884 81.39534884]
88.37209302325581
Best fitness so far :  88.37209302325581
Parents
[[1. 1. 1. ... 0. 0. 0.]
 [1. 1. 1. ... 0. 0. 0.]]
Crossover
[[1. 1. 1. ... 0. 0. 0.]
 [1. 1. 1. ... 0. 0. 0.]
 [1. 1. 1. ... 0. 0. 0.]
 ...
 [1. 1. 1. ... 0. 0. 0.]
 [1. 1. 1. ... 0. 0. 0.]
 [1. 1. 1. ... 0. 0. 0.]]
Mutation
[[1. 1. 1. ... 0. 0. 0.]
 [1. 1. 1. ... 0. 0. 0.]
 [1. 1. 1. ... 0. 0. 0.]
 ...
 [1. 1. 1. ... 0. 0. 0.]
 [1. 1. 1. ... 0. 0. 0.]
 [1. 1. 1. ... 0. 0. 0.]]
Fitness
[88.37209302 88.37209302 83.72093023 83.72093023 83.72093023 83.72093023
 83.72093023 83.72093023 83.72093023 83.72093023]
88.37209302325581
Best fitness so far :  88.37209302325581
Parents
[[1. 1. 1. ... 0. 0. 0.]
 [1. 1. 1. ... 0. 0. 0.]]
Crossover
[[1. 1. 1. ... 0. 0. 0.]
 [1. 1. 1. ... 0. 0. 0.]
 [1. 1. 1. ... 0. 0. 0.]
 ...
 [1. 1. 1. ... 0. 0. 0.]
 [1. 1. 1. ... 0. 0. 0.]
 [1. 1. 1. ... 0. 0. 0.]]
Mutation
[[1. 1. 0. ... 1. 0. 0.]
 [1. 1. 0. ... 1. 0. 0.]
 [1. 1. 0. ... 1. 0. 0.]
 ...
 [1. 1. 0. ... 1. 0. 0.]
 [1. 1. 0. ... 1. 0. 0.]
 [1. 1. 0. ... 1. 0. 0.]]
Fitness
[88.37209302 88.37209302 88.37209302 88.37209302 88.37209302 88.37209302
 88.37209302 88.37209302 88.37209302 88.37209302]
88.37209302325581
Best fitness so far :  88.37209302325581
Parents
[[1. 1. 1. ... 0. 0. 0.]
 [1. 1. 1. ... 0. 0. 0.]]
Crossover
[[1. 1. 1. ... 0. 0. 0.]
 [1. 1. 1. ... 0. 0. 0.]
 [1. 1. 1. ... 0. 0. 0.]
 ...
 [1. 1. 1. ... 0. 0. 0.]
 [1. 1. 1. ... 0. 0. 0.]
 [1. 1. 1. ... 0. 0. 0.]]
Mutation
[[1. 1. 1. ... 0. 0. 0.]
 [1. 1. 1. ... 0. 0. 0.]
 [1. 1. 1. ... 0. 0. 0.]
 ...
 [1. 1. 1. ... 0. 0. 0.]
 [1. 1. 1. ... 0. 0. 0.]
 [1. 1. 1. ... 0. 0. 0.]]
Fitness
[88.37209302 88.37209302 88.37209302 88.37209302 88.37209302 88.37209302
 88.37209302 88.37209302 88.37209302 88.37209302]
88.37209302325581
Best fitness so far :  88.37209302325581
Parents
[[1. 1. 1. ... 0. 0. 0.]
 [1. 1. 1. ... 0. 0. 0.]]
Crossover
[[1. 1. 1. ... 0. 0. 0.]
 [1. 1. 1. ... 0. 0. 0.]
 [1. 1. 1. ... 0. 0. 0.]
 ...
 [1. 1. 1. ... 0. 0. 0.]
 [1. 1. 1. ... 0. 0. 0.]
 [1. 1. 1. ... 0. 0. 0.]]
Mutation
[[1. 1. 1. ... 0. 0. 0.]
 [1. 1. 1. ... 0. 0. 0.]
 [1. 1. 1. ... 0. 0. 0.]
 ...
 [1. 1. 1. ... 0. 0. 0.]
 [1. 1. 1. ... 0. 0. 0.]
 [1. 1. 1. ... 0. 0. 0.]]
Fitness
[88.37209302 88.37209302 81.39534884 81.39534884 81.39534884 81.39534884
 81.39534884 81.39534884 81.39534884 81.39534884]
88.37209302325581
Best fitness so far :  88.37209302325581
Parents
[[1. 1. 1. ... 0. 0. 0.]
 [1. 1. 1. ... 0. 0. 0.]]
Crossover
[[1. 1. 1. ... 0. 0. 0.]
 [1. 1. 1. ... 0. 0. 0.]
 [1. 1. 1. ... 0. 0. 0.]
 ...
 [1. 1. 1. ... 0. 0. 0.]
 [1. 1. 1. ... 0. 0. 0.]
 [1. 1. 1. ... 0. 0. 0.]]
Mutation
[[1. 1. 1. ... 0. 0. 0.]
 [1. 1. 1. ... 0. 0. 0.]
 [1. 1. 1. ... 0. 0. 0.]
 ...
 [1. 1. 1. ... 0. 0. 0.]
 [1. 1. 1. ... 0. 0. 0.]
 [1. 1. 1. ... 0. 0. 0.]]
Fitness
[88.37209302 88.37209302 83.72093023 83.72093023 83.72093023 83.72093023
 83.72093023 83.72093023 83.72093023 83.72093023]
88.37209302325581
Best fitness so far :  88.37209302325581
Parents
[[1. 1. 1. ... 0. 0. 0.]
 [1. 1. 1. ... 0. 0. 0.]]
Crossover
[[1. 1. 1. ... 0. 0. 0.]
 [1. 1. 1. ... 0. 0. 0.]
 [1. 1. 1. ... 0. 0. 0.]
 ...
 [1. 1. 1. ... 0. 0. 0.]
 [1. 1. 1. ... 0. 0. 0.]
 [1. 1. 1. ... 0. 0. 0.]]
Mutation
[[1. 1. 1. ... 0. 0. 0.]
 [1. 1. 1. ... 0. 0. 0.]
 [1. 1. 1. ... 0. 0. 0.]
 ...
 [1. 1. 1. ... 0. 0. 0.]
 [1. 1. 1. ... 0. 0. 0.]
 [1. 1. 1. ... 0. 0. 0.]]
Fitness
[88.37209302 88.37209302 83.72093023 83.72093023 83.72093023 83.72093023
 83.72093023 83.72093023 83.72093023 83.72093023]
88.37209302325581
Best fitness so far :  88.37209302325581
Parents
[[1. 1. 1. ... 0. 0. 0.]
 [1. 1. 1. ... 0. 0. 0.]]
Crossover
[[1. 1. 1. ... 0. 0. 0.]
 [1. 1. 1. ... 0. 0. 0.]
 [1. 1. 1. ... 0. 0. 0.]
 ...
 [1. 1. 1. ... 0. 0. 0.]
 [1. 1. 1. ... 0. 0. 0.]
 [1. 1. 1. ... 0. 0. 0.]]
Mutation
[[1. 1. 0. ... 0. 0. 0.]
 [1. 1. 0. ... 0. 0. 0.]
 [1. 1. 0. ... 0. 0. 0.]
 ...
 [1. 1. 0. ... 0. 0. 0.]
 [1. 1. 0. ... 0. 0. 0.]
 [1. 1. 0. ... 0. 0. 0.]]
Fitness
[88.37209302 88.37209302 86.04651163 86.04651163 86.04651163 86.04651163
 86.04651163 86.04651163 86.04651163 86.04651163]
88.37209302325581
Best fitness so far :  88.37209302325581
Parents
[[1. 1. 1. ... 0. 0. 0.]
 [1. 1. 1. ... 0. 0. 0.]]
Crossover
[[1. 1. 1. ... 0. 0. 0.]
 [1. 1. 1. ... 0. 0. 0.]
 [1. 1. 1. ... 0. 0. 0.]
 ...
 [1. 1. 1. ... 0. 0. 0.]
 [1. 1. 1. ... 0. 0. 0.]
 [1. 1. 1. ... 0. 0. 0.]]
Mutation
[[1. 1. 1. ... 0. 0. 0.]
 [1. 1. 1. ... 0. 0. 0.]
 [1. 1. 1. ... 0. 0. 0.]
 ...
 [1. 1. 1. ... 0. 0. 0.]
 [1. 1. 1. ... 0. 0. 0.]
 [1. 1. 1. ... 0. 0. 0.]]
Fitness
[88.37209302 88.37209302 86.04651163 86.04651163 86.04651163 86.04651163
 86.04651163 86.04651163 86.04651163 86.04651163]
88.37209302325581
Best fitness so far :  88.37209302325581
Parents
[[1. 1. 1. ... 0. 0. 0.]
 [1. 1. 1. ... 0. 0. 0.]]
Crossover
[[1. 1. 1. ... 0. 0. 0.]
 [1. 1. 1. ... 0. 0. 0.]
 [1. 1. 1. ... 0. 0. 0.]
 ...
 [1. 1. 1. ... 0. 0. 0.]
 [1. 1. 1. ... 0. 0. 0.]
 [1. 1. 1. ... 0. 0. 0.]]
Mutation
[[1. 1. 1. ... 0. 0. 0.]
 [1. 1. 1. ... 0. 0. 0.]
 [1. 1. 1. ... 0. 0. 0.]
 ...
 [1. 1. 1. ... 0. 0. 0.]
 [1. 1. 1. ... 0. 0. 0.]
 [1. 1. 1. ... 0. 0. 0.]]
Fitness
[88.37209302 88.37209302 88.37209302 88.37209302 88.37209302 88.37209302
 88.37209302 88.37209302 88.37209302 88.37209302]
88.37209302325581
Best fitness so far :  88.37209302325581
Parents
[[1. 1. 1. ... 0. 0. 0.]
 [1. 1. 1. ... 0. 0. 0.]]
Crossover
[[1. 1. 1. ... 0. 0. 0.]
 [1. 1. 1. ... 0. 0. 0.]
 [1. 1. 1. ... 0. 0. 0.]
 ...
 [1. 1. 1. ... 0. 0. 0.]
 [1. 1. 1. ... 0. 0. 0.]
 [1. 1. 1. ... 0. 0. 0.]]
Mutation
[[1. 1. 1. ... 0. 0. 0.]
 [1. 1. 1. ... 0. 0. 0.]
 [1. 1. 1. ... 0. 0. 0.]
 ...
 [1. 1. 1. ... 0. 0. 0.]
 [1. 1. 1. ... 0. 0. 0.]
 [1. 1. 1. ... 0. 0. 0.]]
Fitness
[88.37209302 88.37209302 83.72093023 83.72093023 83.72093023 83.72093023
 83.72093023 83.72093023 83.72093023 83.72093023]
88.37209302325581
Best fitness so far :  88.37209302325581
Parents
[[1. 1. 1. ... 0. 0. 0.]
 [1. 1. 1. ... 0. 0. 0.]]
Crossover
[[1. 1. 1. ... 0. 0. 0.]
 [1. 1. 1. ... 0. 0. 0.]
 [1. 1. 1. ... 0. 0. 0.]
 ...
 [1. 1. 1. ... 0. 0. 0.]
 [1. 1. 1. ... 0. 0. 0.]
 [1. 1. 1. ... 0. 0. 0.]]
Mutation
[[1. 1. 1. ... 0. 0. 0.]
 [1. 1. 1. ... 0. 0. 0.]
 [1. 1. 1. ... 0. 0. 0.]
 ...
 [1. 1. 1. ... 0. 0. 0.]
 [1. 1. 1. ... 0. 0. 0.]
 [1. 1. 1. ... 0. 0. 0.]]
Fitness
[88.37209302 88.37209302 88.37209302 88.37209302 88.37209302 88.37209302
 88.37209302 88.37209302 88.37209302 88.37209302]
88.37209302325581
Best fitness so far :  88.37209302325581
Parents
[[1. 1. 1. ... 0. 0. 0.]
 [1. 1. 1. ... 0. 0. 0.]]
Crossover
[[1. 1. 1. ... 0. 0. 0.]
 [1. 1. 1. ... 0. 0. 0.]
 [1. 1. 1. ... 0. 0. 0.]
 ...
 [1. 1. 1. ... 0. 0. 0.]
 [1. 1. 1. ... 0. 0. 0.]
 [1. 1. 1. ... 0. 0. 0.]]
Mutation
[[1. 1. 1. ... 0. 0. 0.]
 [1. 1. 1. ... 0. 0. 0.]
 [1. 1. 1. ... 0. 0. 0.]
 ...
 [1. 1. 1. ... 0. 0. 0.]
 [1. 1. 1. ... 0. 0. 0.]
 [1. 1. 1. ... 0. 0. 0.]]
Fitness
[88.37209302 88.37209302 86.04651163 86.04651163 86.04651163 86.04651163
 86.04651163 86.04651163 86.04651163 86.04651163]
88.37209302325581
Best fitness so far :  88.37209302325581
Parents
[[1. 1. 1. ... 0. 0. 0.]
 [1. 1. 1. ... 0. 0. 0.]]
Crossover
[[1. 1. 1. ... 0. 0. 0.]
 [1. 1. 1. ... 0. 0. 0.]
 [1. 1. 1. ... 0. 0. 0.]
 ...
 [1. 1. 1. ... 0. 0. 0.]
 [1. 1. 1. ... 0. 0. 0.]
 [1. 1. 1. ... 0. 0. 0.]]
Mutation
[[1. 1. 1. ... 0. 0. 1.]
 [1. 1. 1. ... 0. 0. 1.]
 [1. 1. 1. ... 0. 0. 1.]
 ...
 [1. 1. 1. ... 0. 0. 1.]
 [1. 1. 1. ... 0. 0. 1.]
 [1. 1. 1. ... 0. 0. 1.]]
Fitness
[88.37209302 88.37209302 88.37209302 88.37209302 88.37209302 88.37209302
 88.37209302 88.37209302 88.37209302 88.37209302]
88.37209302325581
Best fitness so far :  88.37209302325581
Parents
[[1. 1. 1. ... 0. 0. 0.]
 [1. 1. 1. ... 0. 0. 0.]]
Crossover
[[1. 1. 1. ... 0. 0. 0.]
 [1. 1. 1. ... 0. 0. 0.]
 [1. 1. 1. ... 0. 0. 0.]
 ...
 [1. 1. 1. ... 0. 0. 0.]
 [1. 1. 1. ... 0. 0. 0.]
 [1. 1. 1. ... 0. 0. 0.]]
Mutation
[[1. 1. 1. ... 0. 0. 0.]
 [1. 1. 1. ... 0. 0. 0.]
 [1. 1. 1. ... 0. 0. 0.]
 ...
 [1. 1. 1. ... 0. 0. 0.]
 [1. 1. 1. ... 0. 0. 0.]
 [1. 1. 1. ... 0. 0. 0.]]
Fitness
[88.37209302 88.37209302 86.04651163 86.04651163 86.04651163 86.04651163
 86.04651163 86.04651163 86.04651163 86.04651163]
88.37209302325581
Best fitness so far :  88.37209302325581
Parents
[[1. 1. 1. ... 0. 0. 0.]
 [1. 1. 1. ... 0. 0. 0.]]
Crossover
[[1. 1. 1. ... 0. 0. 0.]
 [1. 1. 1. ... 0. 0. 0.]
 [1. 1. 1. ... 0. 0. 0.]
 ...
 [1. 1. 1. ... 0. 0. 0.]
 [1. 1. 1. ... 0. 0. 0.]
 [1. 1. 1. ... 0. 0. 0.]]
Mutation
[[1. 1. 1. ... 0. 0. 0.]
 [1. 1. 1. ... 0. 0. 0.]
 [1. 1. 1. ... 0. 0. 0.]
 ...
 [1. 1. 1. ... 0. 0. 0.]
 [1. 1. 1. ... 0. 0. 0.]
 [1. 1. 1. ... 0. 0. 0.]]
Fitness
[88.37209302 88.37209302 83.72093023 83.72093023 83.72093023 83.72093023
 83.72093023 83.72093023 83.72093023 83.72093023]
88.37209302325581
Best fitness so far :  88.37209302325581
Parents
[[1. 1. 1. ... 0. 0. 0.]
 [1. 1. 1. ... 0. 0. 0.]]
Crossover
[[1. 1. 1. ... 0. 0. 0.]
 [1. 1. 1. ... 0. 0. 0.]
 [1. 1. 1. ... 0. 0. 0.]
 ...
 [1. 1. 1. ... 0. 0. 0.]
 [1. 1. 1. ... 0. 0. 0.]
 [1. 1. 1. ... 0. 0. 0.]]
Mutation
[[1. 0. 0. ... 1. 0. 0.]
 [1. 0. 0. ... 1. 0. 0.]
 [1. 0. 0. ... 1. 0. 0.]
 ...
 [1. 0. 0. ... 1. 0. 0.]
 [1. 0. 0. ... 1. 0. 0.]
 [1. 0. 0. ... 1. 0. 0.]]
Fitness
[88.37209302 88.37209302 88.37209302 88.37209302 88.37209302 88.37209302
 88.37209302 88.37209302 88.37209302 88.37209302]
88.37209302325581
Best fitness so far :  88.37209302325581
Parents
[[1. 1. 1. ... 0. 0. 0.]
 [1. 1. 1. ... 0. 0. 0.]]
Crossover
[[1. 1. 1. ... 0. 0. 0.]
 [1. 1. 1. ... 0. 0. 0.]
 [1. 1. 1. ... 0. 0. 0.]
 ...
 [1. 1. 1. ... 0. 0. 0.]
 [1. 1. 1. ... 0. 0. 0.]
 [1. 1. 1. ... 0. 0. 0.]]
Mutation
[[1. 1. 1. ... 0. 0. 0.]
 [1. 1. 1. ... 0. 0. 0.]
 [1. 1. 1. ... 0. 0. 0.]
 ...
 [1. 1. 1. ... 0. 0. 0.]
 [1. 1. 1. ... 0. 0. 0.]
 [1. 1. 1. ... 0. 0. 0.]]
Fitness
[88.37209302 88.37209302 83.72093023 83.72093023 83.72093023 83.72093023
 83.72093023 83.72093023 83.72093023 83.72093023]
88.37209302325581
Best fitness so far :  88.37209302325581
Parents
[[1. 1. 1. ... 0. 0. 0.]
 [1. 1. 1. ... 0. 0. 0.]]
Crossover
[[1. 1. 1. ... 0. 0. 0.]
 [1. 1. 1. ... 0. 0. 0.]
 [1. 1. 1. ... 0. 0. 0.]
 ...
 [1. 1. 1. ... 0. 0. 0.]
 [1. 1. 1. ... 0. 0. 0.]
 [1. 1. 1. ... 0. 0. 0.]]
Mutation
[[0. 1. 0. ... 0. 0. 0.]
 [0. 1. 0. ... 0. 0. 0.]
 [0. 1. 0. ... 0. 0. 0.]
 ...
 [0. 1. 0. ... 0. 0. 0.]
 [0. 1. 0. ... 0. 0. 0.]
 [0. 1. 0. ... 0. 0. 0.]]
Fitness
[88.37209302 88.37209302 83.72093023 83.72093023 83.72093023 83.72093023
 83.72093023 83.72093023 83.72093023 83.72093023]
88.37209302325581
Best fitness so far :  88.37209302325581
Parents
[[1. 1. 1. ... 0. 0. 0.]
 [1. 1. 1. ... 0. 0. 0.]]
Crossover
[[1. 1. 1. ... 0. 0. 0.]
 [1. 1. 1. ... 0. 0. 0.]
 [1. 1. 1. ... 0. 0. 0.]
 ...
 [1. 1. 1. ... 0. 0. 0.]
 [1. 1. 1. ... 0. 0. 0.]
 [1. 1. 1. ... 0. 0. 0.]]
Mutation
[[1. 1. 1. ... 0. 0. 0.]
 [1. 1. 1. ... 0. 0. 0.]
 [1. 1. 1. ... 0. 0. 0.]
 ...
 [1. 1. 1. ... 0. 0. 0.]
 [1. 1. 1. ... 0. 0. 0.]
 [1. 1. 1. ... 0. 0. 0.]]
Fitness
[88.37209302 88.37209302 83.72093023 83.72093023 83.72093023 83.72093023
 83.72093023 83.72093023 83.72093023 83.72093023]
88.37209302325581
Best fitness so far :  88.37209302325581
Parents
[[1. 1. 1. ... 0. 0. 0.]
 [1. 1. 1. ... 0. 0. 0.]]
Crossover
[[1. 1. 1. ... 0. 0. 0.]
 [1. 1. 1. ... 0. 0. 0.]
 [1. 1. 1. ... 0. 0. 0.]
 ...
 [1. 1. 1. ... 0. 0. 0.]
 [1. 1. 1. ... 0. 0. 0.]
 [1. 1. 1. ... 0. 0. 0.]]
Mutation
[[1. 1. 1. ... 0. 0. 0.]
 [1. 1. 1. ... 0. 0. 0.]
 [1. 1. 1. ... 0. 0. 0.]
 ...
 [1. 1. 1. ... 0. 0. 0.]
 [1. 1. 1. ... 0. 0. 0.]
 [1. 1. 1. ... 0. 0. 0.]]
Fitness
[88.37209302 88.37209302 88.37209302 88.37209302 88.37209302 88.37209302
 88.37209302 88.37209302 88.37209302 88.37209302]
88.37209302325581
Best fitness so far :  88.37209302325581
Parents
[[1. 1. 1. ... 0. 0. 0.]
 [1. 1. 1. ... 0. 0. 0.]]
Crossover
[[1. 1. 1. ... 0. 0. 0.]
 [1. 1. 1. ... 0. 0. 0.]
 [1. 1. 1. ... 0. 0. 0.]
 ...
 [1. 1. 1. ... 0. 0. 0.]
 [1. 1. 1. ... 0. 0. 0.]
 [1. 1. 1. ... 0. 0. 0.]]
Mutation
[[1. 1. 1. ... 0. 0. 0.]
 [1. 1. 1. ... 0. 0. 0.]
 [1. 1. 1. ... 0. 0. 0.]
 ...
 [1. 1. 1. ... 0. 0. 0.]
 [1. 1. 1. ... 0. 0. 0.]
 [1. 1. 1. ... 0. 0. 0.]]
Fitness
[88.37209302 88.37209302 86.04651163 86.04651163 86.04651163 86.04651163
 86.04651163 86.04651163 86.04651163 86.04651163]
88.37209302325581
Best fitness so far :  88.37209302325581
Parents
[[1. 1. 1. ... 0. 0. 0.]
 [1. 1. 1. ... 0. 0. 0.]]
Crossover
[[1. 1. 1. ... 0. 0. 0.]
 [1. 1. 1. ... 0. 0. 0.]
 [1. 1. 1. ... 0. 0. 0.]
 ...
 [1. 1. 1. ... 0. 0. 0.]
 [1. 1. 1. ... 0. 0. 0.]
 [1. 1. 1. ... 0. 0. 0.]]
Mutation
[[1. 1. 1. ... 0. 0. 0.]
 [1. 1. 1. ... 0. 0. 0.]
 [1. 1. 1. ... 0. 0. 0.]
 ...
 [1. 1. 1. ... 0. 0. 0.]
 [1. 1. 1. ... 0. 0. 0.]
 [1. 1. 1. ... 0. 0. 0.]]
Fitness
[88.37209302 88.37209302 86.04651163 86.04651163 86.04651163 86.04651163
 86.04651163 86.04651163 86.04651163 86.04651163]
88.37209302325581
Best fitness so far :  88.37209302325581
Parents
[[1. 1. 1. ... 0. 0. 0.]
 [1. 1. 1. ... 0. 0. 0.]]
Crossover
[[1. 1. 1. ... 0. 0. 0.]
 [1. 1. 1. ... 0. 0. 0.]
 [1. 1. 1. ... 0. 0. 0.]
 ...
 [1. 1. 1. ... 0. 0. 0.]
 [1. 1. 1. ... 0. 0. 0.]
 [1. 1. 1. ... 0. 0. 0.]]
Mutation
[[1. 1. 1. ... 0. 0. 0.]
 [1. 1. 1. ... 0. 0. 0.]
 [1. 1. 1. ... 0. 0. 0.]
 ...
 [1. 1. 1. ... 0. 0. 0.]
 [1. 1. 1. ... 0. 0. 0.]
 [1. 1. 1. ... 0. 0. 0.]]
Fitness
[88.37209302 88.37209302 83.72093023 83.72093023 83.72093023 83.72093023
 83.72093023 83.72093023 83.72093023 83.72093023]
88.37209302325581
Best fitness so far :  88.37209302325581
Parents
[[1. 1. 1. ... 0. 0. 0.]
 [1. 1. 1. ... 0. 0. 0.]]
Crossover
[[1. 1. 1. ... 0. 0. 0.]
 [1. 1. 1. ... 0. 0. 0.]
 [1. 1. 1. ... 0. 0. 0.]
 ...
 [1. 1. 1. ... 0. 0. 0.]
 [1. 1. 1. ... 0. 0. 0.]
 [1. 1. 1. ... 0. 0. 0.]]
Mutation
[[1. 1. 0. ... 0. 0. 0.]
 [1. 1. 0. ... 0. 0. 0.]
 [1. 1. 0. ... 0. 0. 0.]
 ...
 [1. 1. 0. ... 0. 0. 0.]
 [1. 1. 0. ... 0. 0. 0.]
 [1. 1. 0. ... 0. 0. 0.]]
Fitness
[88.37209302 88.37209302 86.04651163 86.04651163 86.04651163 86.04651163
 86.04651163 86.04651163 86.04651163 86.04651163]
88.37209302325581
Best fitness so far :  88.37209302325581
Parents
[[1. 1. 1. ... 0. 0. 0.]
 [1. 1. 1. ... 0. 0. 0.]]
Crossover
[[1. 1. 1. ... 0. 0. 0.]
 [1. 1. 1. ... 0. 0. 0.]
 [1. 1. 1. ... 0. 0. 0.]
 ...
 [1. 1. 1. ... 0. 0. 0.]
 [1. 1. 1. ... 0. 0. 0.]
 [1. 1. 1. ... 0. 0. 0.]]
Mutation
[[0. 1. 1. ... 0. 0. 0.]
 [0. 1. 1. ... 0. 0. 0.]
 [0. 1. 1. ... 0. 0. 0.]
 ...
 [0. 1. 1. ... 0. 0. 0.]
 [0. 1. 1. ... 0. 0. 0.]
 [0. 1. 1. ... 0. 0. 0.]]
Fitness
[88.37209302 88.37209302 88.37209302 88.37209302 88.37209302 88.37209302
 88.37209302 88.37209302 88.37209302 88.37209302]
88.37209302325581
Best fitness so far :  88.37209302325581
Parents
[[1. 1. 1. ... 0. 0. 0.]
 [1. 1. 1. ... 0. 0. 0.]]
Crossover
[[1. 1. 1. ... 0. 0. 0.]
 [1. 1. 1. ... 0. 0. 0.]
 [1. 1. 1. ... 0. 0. 0.]
 ...
 [1. 1. 1. ... 0. 0. 0.]
 [1. 1. 1. ... 0. 0. 0.]
 [1. 1. 1. ... 0. 0. 0.]]
Mutation
[[0. 1. 1. ... 0. 0. 1.]
 [0. 1. 1. ... 0. 0. 1.]
 [0. 1. 1. ... 0. 0. 1.]
 ...
 [0. 1. 1. ... 0. 0. 1.]
 [0. 1. 1. ... 0. 0. 1.]
 [0. 1. 1. ... 0. 0. 1.]]
Fitness
[88.37209302 88.37209302 88.37209302 88.37209302 88.37209302 88.37209302
 88.37209302 88.37209302 88.37209302 88.37209302]
88.37209302325581
Best fitness so far :  88.37209302325581
Parents
[[1. 1. 1. ... 0. 0. 0.]
 [1. 1. 1. ... 0. 0. 0.]]
Crossover
[[1. 1. 1. ... 0. 0. 0.]
 [1. 1. 1. ... 0. 0. 0.]
 [1. 1. 1. ... 0. 0. 0.]
 ...
 [1. 1. 1. ... 0. 0. 0.]
 [1. 1. 1. ... 0. 0. 0.]
 [1. 1. 1. ... 0. 0. 0.]]
Mutation
[[1. 1. 1. ... 0. 0. 0.]
 [1. 1. 1. ... 0. 0. 0.]
 [1. 1. 1. ... 0. 0. 0.]
 ...
 [1. 1. 1. ... 0. 0. 0.]
 [1. 1. 1. ... 0. 0. 0.]
 [1. 1. 1. ... 0. 0. 0.]]
Fitness
[88.37209302 88.37209302 88.37209302 88.37209302 88.37209302 88.37209302
 88.37209302 88.37209302 88.37209302 88.37209302]
88.37209302325581
Best fitness so far :  88.37209302325581
Parents
[[1. 1. 1. ... 0. 0. 0.]
 [1. 1. 1. ... 0. 0. 0.]]
Crossover
[[1. 1. 1. ... 0. 0. 0.]
 [1. 1. 1. ... 0. 0. 0.]
 [1. 1. 1. ... 0. 0. 0.]
 ...
 [1. 1. 1. ... 0. 0. 0.]
 [1. 1. 1. ... 0. 0. 0.]
 [1. 1. 1. ... 0. 0. 0.]]
Mutation
[[1. 1. 1. ... 0. 0. 0.]
 [1. 1. 1. ... 0. 0. 0.]
 [1. 1. 1. ... 0. 0. 0.]
 ...
 [1. 1. 1. ... 0. 0. 0.]
 [1. 1. 1. ... 0. 0. 0.]
 [1. 1. 1. ... 0. 0. 0.]]
Fitness
[88.37209302 88.37209302 83.72093023 83.72093023 83.72093023 83.72093023
 83.72093023 83.72093023 83.72093023 83.72093023]
88.37209302325581
Best fitness so far :  88.37209302325581
Parents
[[1. 1. 1. ... 0. 0. 0.]
 [1. 1. 1. ... 0. 0. 0.]]
Crossover
[[1. 1. 1. ... 0. 0. 0.]
 [1. 1. 1. ... 0. 0. 0.]
 [1. 1. 1. ... 0. 0. 0.]
 ...
 [1. 1. 1. ... 0. 0. 0.]
 [1. 1. 1. ... 0. 0. 0.]
 [1. 1. 1. ... 0. 0. 0.]]
Mutation
[[1. 1. 1. ... 0. 0. 0.]
 [1. 1. 1. ... 0. 0. 0.]
 [1. 1. 1. ... 0. 0. 0.]
 ...
 [1. 1. 1. ... 0. 0. 0.]
 [1. 1. 1. ... 0. 0. 0.]
 [1. 1. 1. ... 0. 0. 0.]]
Fitness
[88.37209302 88.37209302 88.37209302 88.37209302 88.37209302 88.37209302
 88.37209302 88.37209302 88.37209302 88.37209302]
88.37209302325581
Best fitness so far :  88.37209302325581
Parents
[[1. 1. 1. ... 0. 0. 0.]
 [1. 1. 1. ... 0. 0. 0.]]
Crossover
[[1. 1. 1. ... 0. 0. 0.]
 [1. 1. 1. ... 0. 0. 0.]
 [1. 1. 1. ... 0. 0. 0.]
 ...
 [1. 1. 1. ... 0. 0. 0.]
 [1. 1. 1. ... 0. 0. 0.]
 [1. 1. 1. ... 0. 0. 0.]]
Mutation
[[1. 1. 1. ... 0. 0. 0.]
 [1. 1. 1. ... 0. 0. 0.]
 [1. 1. 1. ... 0. 0. 0.]
 ...
 [1. 1. 1. ... 0. 0. 0.]
 [1. 1. 1. ... 0. 0. 0.]
 [1. 1. 1. ... 0. 0. 0.]]
Fitness
[88.37209302 88.37209302 86.04651163 86.04651163 86.04651163 86.04651163
 86.04651163 86.04651163 86.04651163 86.04651163]
88.37209302325581
Best fitness so far :  88.37209302325581
Parents
[[1. 1. 1. ... 0. 0. 0.]
 [1. 1. 1. ... 0. 0. 0.]]
Crossover
[[1. 1. 1. ... 0. 0. 0.]
 [1. 1. 1. ... 0. 0. 0.]
 [1. 1. 1. ... 0. 0. 0.]
 ...
 [1. 1. 1. ... 0. 0. 0.]
 [1. 1. 1. ... 0. 0. 0.]
 [1. 1. 1. ... 0. 0. 0.]]
Mutation
[[0. 1. 1. ... 0. 0. 0.]
 [0. 1. 1. ... 0. 0. 0.]
 [0. 1. 1. ... 0. 0. 0.]
 ...
 [0. 1. 1. ... 0. 0. 0.]
 [0. 1. 1. ... 0. 0. 0.]
 [0. 1. 1. ... 0. 0. 0.]]
Fitness
[88.37209302 88.37209302 83.72093023 83.72093023 83.72093023 83.72093023
 83.72093023 83.72093023 83.72093023 83.72093023]
88.37209302325581
Best fitness so far :  88.37209302325581
Parents
[[1. 1. 1. ... 0. 0. 0.]
 [1. 1. 1. ... 0. 0. 0.]]
Crossover
[[1. 1. 1. ... 0. 0. 0.]
 [1. 1. 1. ... 0. 0. 0.]
 [1. 1. 1. ... 0. 0. 0.]
 ...
 [1. 1. 1. ... 0. 0. 0.]
 [1. 1. 1. ... 0. 0. 0.]
 [1. 1. 1. ... 0. 0. 0.]]
Mutation
[[1. 1. 1. ... 0. 0. 0.]
 [1. 1. 1. ... 0. 0. 0.]
 [1. 1. 1. ... 0. 0. 0.]
 ...
 [1. 1. 1. ... 0. 0. 0.]
 [1. 1. 1. ... 0. 0. 0.]
 [1. 1. 1. ... 0. 0. 0.]]
Fitness
[88.37209302 88.37209302 83.72093023 83.72093023 83.72093023 83.72093023
 83.72093023 83.72093023 83.72093023 83.72093023]
88.37209302325581
Best fitness so far :  88.37209302325581
Parents
[[1. 1. 1. ... 0. 0. 0.]
 [1. 1. 1. ... 0. 0. 0.]]
Crossover
[[1. 1. 1. ... 0. 0. 0.]
 [1. 1. 1. ... 0. 0. 0.]
 [1. 1. 1. ... 0. 0. 0.]
 ...
 [1. 1. 1. ... 0. 0. 0.]
 [1. 1. 1. ... 0. 0. 0.]
 [1. 1. 1. ... 0. 0. 0.]]
Mutation
[[1. 1. 1. ... 0. 0. 0.]
 [1. 1. 1. ... 0. 0. 0.]
 [1. 1. 1. ... 0. 0. 0.]
 ...
 [1. 1. 1. ... 0. 0. 0.]
 [1. 1. 1. ... 0. 0. 0.]
 [1. 1. 1. ... 0. 0. 0.]]
Fitness
[88.37209302 88.37209302 83.72093023 83.72093023 83.72093023 83.72093023
 83.72093023 83.72093023 83.72093023 83.72093023]
88.37209302325581
Best fitness so far :  88.37209302325581
Parents
[[1. 1. 1. ... 0. 0. 0.]
 [1. 1. 1. ... 0. 0. 0.]]
Crossover
[[1. 1. 1. ... 0. 0. 0.]
 [1. 1. 1. ... 0. 0. 0.]
 [1. 1. 1. ... 0. 0. 0.]
 ...
 [1. 1. 1. ... 0. 0. 0.]
 [1. 1. 1. ... 0. 0. 0.]
 [1. 1. 1. ... 0. 0. 0.]]
Mutation
[[1. 1. 1. ... 0. 0. 0.]
 [1. 1. 1. ... 0. 0. 0.]
 [1. 1. 1. ... 0. 0. 0.]
 ...
 [1. 1. 1. ... 0. 0. 0.]
 [1. 1. 1. ... 0. 0. 0.]
 [1. 1. 1. ... 0. 0. 0.]]
Fitness
[88.37209302 88.37209302 88.37209302 88.37209302 88.37209302 88.37209302
 88.37209302 88.37209302 88.37209302 88.37209302]
88.37209302325581
Best fitness so far :  88.37209302325581
Parents
[[1. 1. 1. ... 0. 0. 0.]
 [1. 1. 1. ... 0. 0. 0.]]
Crossover
[[1. 1. 1. ... 0. 0. 0.]
 [1. 1. 1. ... 0. 0. 0.]
 [1. 1. 1. ... 0. 0. 0.]
 ...
 [1. 1. 1. ... 0. 0. 0.]
 [1. 1. 1. ... 0. 0. 0.]
 [1. 1. 1. ... 0. 0. 0.]]
Mutation
[[1. 0. 1. ... 0. 0. 1.]
 [1. 0. 1. ... 0. 0. 1.]
 [1. 0. 1. ... 0. 0. 1.]
 ...
 [1. 0. 1. ... 0. 0. 1.]
 [1. 0. 1. ... 0. 0. 1.]
 [1. 0. 1. ... 0. 0. 1.]]
Fitness
[88.37209302 88.37209302 86.04651163 86.04651163 86.04651163 86.04651163
 86.04651163 86.04651163 86.04651163 86.04651163]
88.37209302325581
Best fitness so far :  88.37209302325581
Parents
[[1. 1. 1. ... 0. 0. 0.]
 [1. 1. 1. ... 0. 0. 0.]]
Crossover
[[1. 1. 1. ... 0. 0. 0.]
 [1. 1. 1. ... 0. 0. 0.]
 [1. 1. 1. ... 0. 0. 0.]
 ...
 [1. 1. 1. ... 0. 0. 0.]
 [1. 1. 1. ... 0. 0. 0.]
 [1. 1. 1. ... 0. 0. 0.]]
Mutation
[[1. 1. 1. ... 0. 0. 0.]
 [1. 1. 1. ... 0. 0. 0.]
 [1. 1. 1. ... 0. 0. 0.]
 ...
 [1. 1. 1. ... 0. 0. 0.]
 [1. 1. 1. ... 0. 0. 0.]
 [1. 1. 1. ... 0. 0. 0.]]
Fitness
[88.37209302 88.37209302 88.37209302 88.37209302 88.37209302 88.37209302
 88.37209302 88.37209302 88.37209302 88.37209302]
88.37209302325581
Best fitness so far :  88.37209302325581
Parents
[[1. 1. 1. ... 0. 0. 0.]
 [1. 1. 1. ... 0. 0. 0.]]
Crossover
[[1. 1. 1. ... 0. 0. 0.]
 [1. 1. 1. ... 0. 0. 0.]
 [1. 1. 1. ... 0. 0. 0.]
 ...
 [1. 1. 1. ... 0. 0. 0.]
 [1. 1. 1. ... 0. 0. 0.]
 [1. 1. 1. ... 0. 0. 0.]]
Mutation
[[1. 1. 1. ... 0. 0. 0.]
 [1. 1. 1. ... 0. 0. 0.]
 [1. 1. 1. ... 0. 0. 0.]
 ...
 [1. 1. 1. ... 0. 0. 0.]
 [1. 1. 1. ... 0. 0. 0.]
 [1. 1. 1. ... 0. 0. 0.]]
Fitness
[88.37209302 88.37209302 88.37209302 88.37209302 88.37209302 88.37209302
 88.37209302 88.37209302 88.37209302 88.37209302]
88.37209302325581
Best fitness so far :  88.37209302325581
Parents
[[1. 1. 1. ... 0. 0. 0.]
 [1. 1. 1. ... 0. 0. 0.]]
Crossover
[[1. 1. 1. ... 0. 0. 0.]
 [1. 1. 1. ... 0. 0. 0.]
 [1. 1. 1. ... 0. 0. 0.]
 ...
 [1. 1. 1. ... 0. 0. 0.]
 [1. 1. 1. ... 0. 0. 0.]
 [1. 1. 1. ... 0. 0. 0.]]
Mutation
[[1. 1. 1. ... 0. 1. 0.]
 [1. 1. 1. ... 0. 1. 0.]
 [1. 1. 1. ... 0. 1. 0.]
 ...
 [1. 1. 1. ... 0. 1. 0.]
 [1. 1. 1. ... 0. 1. 0.]
 [1. 1. 1. ... 0. 1. 0.]]
Fitness
[88.37209302 88.37209302 83.72093023 83.72093023 83.72093023 83.72093023
 83.72093023 83.72093023 83.72093023 83.72093023]
88.37209302325581
Best fitness so far :  88.37209302325581
Parents
[[1. 1. 1. ... 0. 0. 0.]
 [1. 1. 1. ... 0. 0. 0.]]
Crossover
[[1. 1. 1. ... 0. 0. 0.]
 [1. 1. 1. ... 0. 0. 0.]
 [1. 1. 1. ... 0. 0. 0.]
 ...
 [1. 1. 1. ... 0. 0. 0.]
 [1. 1. 1. ... 0. 0. 0.]
 [1. 1. 1. ... 0. 0. 0.]]
Mutation
[[1. 1. 1. ... 0. 0. 0.]
 [1. 1. 1. ... 0. 0. 0.]
 [1. 1. 1. ... 0. 0. 0.]
 ...
 [1. 1. 1. ... 0. 0. 0.]
 [1. 1. 1. ... 0. 0. 0.]
 [1. 1. 1. ... 0. 0. 0.]]
Fitness
[88.37209302 88.37209302 86.04651163 86.04651163 86.04651163 86.04651163
 86.04651163 86.04651163 86.04651163 86.04651163]
88.37209302325581
Best fitness so far :  88.37209302325581
Parents
[[1. 1. 1. ... 0. 0. 0.]
 [1. 1. 1. ... 0. 0. 0.]]
Crossover
[[1. 1. 1. ... 0. 0. 0.]
 [1. 1. 1. ... 0. 0. 0.]
 [1. 1. 1. ... 0. 0. 0.]
 ...
 [1. 1. 1. ... 0. 0. 0.]
 [1. 1. 1. ... 0. 0. 0.]
 [1. 1. 1. ... 0. 0. 0.]]
Mutation
[[1. 1. 1. ... 0. 0. 0.]
 [1. 1. 1. ... 0. 0. 0.]
 [1. 1. 1. ... 0. 0. 0.]
 ...
 [1. 1. 1. ... 0. 0. 0.]
 [1. 1. 1. ... 0. 0. 0.]
 [1. 1. 1. ... 0. 0. 0.]]
Fitness
[88.37209302 88.37209302 86.04651163 86.04651163 86.04651163 86.04651163
 86.04651163 86.04651163 86.04651163 86.04651163]
88.37209302325581
Best fitness so far :  88.37209302325581
Parents
[[1. 1. 1. ... 0. 0. 0.]
 [1. 1. 1. ... 0. 0. 0.]]
Crossover
[[1. 1. 1. ... 0. 0. 0.]
 [1. 1. 1. ... 0. 0. 0.]
 [1. 1. 1. ... 0. 0. 0.]
 ...
 [1. 1. 1. ... 0. 0. 0.]
 [1. 1. 1. ... 0. 0. 0.]
 [1. 1. 1. ... 0. 0. 0.]]
Mutation
[[1. 1. 1. ... 0. 0. 0.]
 [1. 1. 1. ... 0. 0. 0.]
 [1. 1. 1. ... 0. 0. 0.]
 ...
 [1. 1. 1. ... 0. 0. 0.]
 [1. 1. 1. ... 0. 0. 0.]
 [1. 1. 1. ... 0. 0. 0.]]
best_solution :  [1 1 1 1 0 0 0 0 0 1 0 1 1 0 1 0 0 0 0 1 1 0 0 0 0 1 1 1 0 1 0 0 0 0 1 1 0
 0 1 1 0 0 0 0 0 1 1 0 0 0 0 1 1 0 0 0 0 1 0 0 1 0 1 0 1 1 1 1 0 0 1 1 1 0
 1 1 1 1 1 0 1 1 1 0 1 1 0 1 0 0 0 1 1 0 0 1 1 1 1 0 0 0 1 0 1 0 0 0 1 1 0
 1 0 0 1 0 1 1 1 1 1 0 1 0 0 1 1 0 1 1 1 0 1 1 1 0 1 1 1 0 0 1 1 1 0 0 1 0
 0 1 0 0 1 1 0 1 1 1 1 1 1 0 1 0 1 1 1 0 0 1 0 1 0 0 1 0 0 1 0 0 0 1 0 0 1
 0 1 1 0 1 0 1 0 1 1 1 1 1 0 1 0 0 0 0 0 1 1 1 0 0 0 1 0 0 1 1 1 0 1 1 0 1
 1 1 1 1 0 0 0 0 1 1 0 1 1 0 0 1 1 0 0 1 0 0 1 1 1 1 1 0 0 0 1 0 1 1 1 0 1
 0 0 0 0 0 0 0 0 1 1 1 1 1 1 0 0 1 1 0 1 1 0 1 1 1 0 0 1 0 1 0 0 1 1 0 0 0
 0 0 0 0 0 0 1 1 0 0 1 0 1 0 0 1 0 1 0 1 1 0 1 1 1 0 1 0 0 0 0 0 0 0 0 1 0
 0 0 1 0 0 1 1 0 0 0 1 0 1 0 0 0 1 0 0 1 0 1 1 0 1 0 0 0 0 0 1 1 0 1 0 0 1
 0 0 1 1 1 1 1 0 1 1 1 0 1 1 0 1 1 0 1 0 0 0 0 1 0 0 0 0 1 0 1 0 0 0 0 1 0
 1 1 1 1 0 0 1 1 1 0 0 1 1 0 1 0 0 0 0 0 1 1 0 0 0 0 0 0 0 0 0 1 0 0 1 0 0
 0 1 1 0 0 0 0 0 0 1 1 1 1 1 0 1 0 0 1 1 0 0 1 0 0 1 0 0 0 0 1 0 1 0 1 1 1
 0 1 0 1 1 0 1 0 0 0 0 1 1 1 1 1 1 1 1 1 1 1 1 1 1 1 1 1 0 1 0 1 0 0 1 0 1
 0 0 0 1 0 0 1 0 1 0 1 1 1 1 1 0 1 1 1 1 0 1 0 1 0 1 0 1 1 0 1 1 0 1 1 0 0
 1 0 0 0 1 1 1 0 0 0 0 1 1 1 1 1 1 0 1 1 1 0 1 0 0 1 1 1 0 1 0 0 1 1 1 1 1
 0 1 0 0 0 1 0 1 1 0 0 0 1 0 1 1 0 0 1 0 0 1 0 1 1 0 0 1 0 0 1 1 0 1 0 0 0
 0 1 1 1 1 1 1 1 1 0 0 0 0 0 0 0 1 0 0 1 1 0 0 0 1 1 1 1 1 1 1 0 1 0 1 1 0
 0 0 1 1 1 1 1 0 1 1 0 1 0 1 1 0 1 0 1 1 1 0 1 1 0 1 1 1 0 0 0 1 0 0 1 1 0
 1 1 0 1 0 0 0]
Selected indices :  [  0   1   2   3   9  11  12  14  19  20  25  26  27  29  34  35  38  39
  45  46  51  52  57  60  62  64  65  66  67  70  71  72  74  75  76  77
  78  80  81  82  84  85  87  91  92  95  96  97  98 102 104 108 109 111
 114 116 117 118 119 120 122 125 126 128 129 130 132 133 134 136 137 138
 141 142 143 146 149 152 153 155 156 157 158 159 160 162 164 165 166 169
 171 174 177 181 184 186 187 189 191 193 194 195 196 197 199 205 206 207
 211 214 215 216 218 219 221 222 223 224 225 230 231 233 234 237 238 241
 244 245 246 247 248 252 254 255 256 258 267 268 269 270 271 272 275 276
 278 279 281 282 283 286 288 291 292 302 303 306 308 311 313 315 316 318
 319 320 322 331 335 338 339 343 345 349 352 354 355 357 363 364 366 369
 372 373 374 375 376 378 379 380 382 383 385 386 388 393 398 400 405 407
 408 409 410 413 414 415 418 419 421 427 428 438 441 445 446 453 454 455
 456 457 459 462 463 466 469 474 476 478 479 480 482 484 485 487 492 493
 494 495 496 497 498 499 500 501 502 503 504 505 506 507 508 510 512 515
 517 521 524 526 528 529 530 531 532 534 535 536 537 539 541 543 545 546
 548 549 551 552 555 559 560 561 566 567 568 569 570 571 573 574 575 577
 580 581 582 584 587 588 589 590 591 593 597 599 600 604 606 607 610 613
 615 616 619 622 623 625 630 631 632 633 634 635 636 637 645 648 649 653
 654 655 656 657 658 659 661 663 664 668 669 670 671 672 674 675 677 679
 680 682 684 685 686 688 689 691 692 693 697 700 701 703 704 706]
Number of selected features :  358
Best solution fitness(Training accuracy) :  88.37209302325581
Printing features in the best feature subset
0 : y_9
1 : y_8
2 : y_64
3 : y_63
4 : y_57
5 : y_55
6 : y_54
7 : y_51
8 : y_50
9 : y_5
10 : y_49
11 : y_46
12 : y_45
13 : y_44
14 : y_43
15 : y_41
16 : y_36
17 : y_34
18 : y_29
19 : y_24
20 : y_22
21 : y_21
22 : y_2
23 : y_19
24 : y_18
25 : y_16
26 : y_15
27 : y_14
28 : y_12
29 : y_11
30 : y_10
31 : y_0
32 : x_7
33 : x_67
34 : x_61
35 : x_6
36 : x_59
37 : x_58
38 : x_56
39 : x_53
40 : x_49
41 : x_47
42 : x_43
43 : x_42
44 : x_39
45 : x_35
46 : x_26
47 : x_24
48 : x_23
49 : x_22
50 : x_20
51 : x_19
52 : x_17
53 : x_15
54 : x_12
55 : x_10
56 : pose_Tz
57 : pose_Ty
58 : p_scale
59 : p_rx
60 : p_7
61 : p_6
62 : p_33
63 : p_32
64 : p_30
65 : p_3
66 : p_29
67 : p_28
68 : p_27
69 : p_26
70 : p_22
71 : p_21
72 : p_19
73 : p_17
74 : p_16
75 : p_15
76 : p_14
77 : p_13
78 : p_12
79 : p_11
80 : gaze_angle_y
81 : gaze_0_y
82 : gaze_0_x
83 : eye_lmk_y_9
84 : eye_lmk_y_8
85 : eye_lmk_y_6
86 : eye_lmk_y_54
87 : eye_lmk_y_53
88 : eye_lmk_y_52
89 : eye_lmk_y_51
90 : eye_lmk_y_50
91 : eye_lmk_y_5
92 : eye_lmk_y_48
93 : eye_lmk_y_45
94 : eye_lmk_y_43
95 : eye_lmk_y_42
96 : eye_lmk_y_4
97 : eye_lmk_y_38
98 : eye_lmk_y_36
99 : eye_lmk_y_32
100 : eye_lmk_y_31
101 : eye_lmk_y_30
102 : eye_lmk_y_29
103 : eye_lmk_y_26
104 : eye_lmk_y_25
105 : eye_lmk_y_21
106 : eye_lmk_y_19
107 : eye_lmk_y_18
108 : eye_lmk_y_16
109 : eye_lmk_y_15
110 : eye_lmk_y_14
111 : eye_lmk_y_12
112 : eye_lmk_y_11
113 : eye_lmk_y_10
114 : eye_lmk_y_1
115 : eye_lmk_y_0
116 : eye_lmk_x_9
117 : eye_lmk_x_55
118 : eye_lmk_x_54
119 : eye_lmk_x_52
120 : eye_lmk_x_50
121 : eye_lmk_x_47
122 : eye_lmk_x_42
123 : eye_lmk_x_41
124 : eye_lmk_x_4
125 : eye_lmk_x_36
126 : eye_lmk_x_35
127 : eye_lmk_x_29
128 : eye_lmk_x_28
129 : eye_lmk_x_25
130 : eye_lmk_x_24
131 : eye_lmk_x_2
132 : eye_lmk_x_19
133 : eye_lmk_x_17
134 : eye_lmk_x_16
135 : eye_lmk_x_15
136 : eye_lmk_x_10
137 : eye_lmk_x_1
138 : eye_lmk_Z_7
139 : eye_lmk_Z_54
140 : eye_lmk_Z_52
141 : eye_lmk_Z_49
142 : eye_lmk_Z_48
143 : eye_lmk_Z_47
144 : eye_lmk_Z_45
145 : eye_lmk_Z_44
146 : eye_lmk_Z_42
147 : eye_lmk_Z_41
148 : eye_lmk_Z_4
149 : eye_lmk_Z_38
150 : eye_lmk_Z_37
151 : eye_lmk_Z_36
152 : eye_lmk_Z_35
153 : eye_lmk_Z_34
154 : eye_lmk_Z_33
155 : eye_lmk_Z_3
156 : eye_lmk_Z_24
157 : eye_lmk_Z_22
158 : eye_lmk_Z_21
159 : eye_lmk_Z_20
160 : eye_lmk_Z_18
161 : eye_lmk_Z_14
162 : eye_lmk_Z_13
163 : eye_lmk_Z_12
164 : eye_lmk_Z_11
165 : eye_lmk_Z_10
166 : eye_lmk_Z_0
167 : eye_lmk_Y_9
168 : eye_lmk_Y_8
169 : eye_lmk_Y_6
170 : eye_lmk_Y_55
171 : eye_lmk_Y_53
172 : eye_lmk_Y_52
173 : eye_lmk_Y_47
174 : eye_lmk_Y_46
175 : eye_lmk_Y_45
176 : eye_lmk_Y_44
177 : eye_lmk_Y_43
178 : eye_lmk_Y_41
179 : eye_lmk_Y_40
180 : eye_lmk_Y_38
181 : eye_lmk_Y_37
182 : eye_lmk_Y_36
183 : eye_lmk_Y_33
184 : eye_lmk_Y_3
185 : eye_lmk_Y_29
186 : eye_lmk_Y_28
187 : eye_lmk_Y_27
188 : eye_lmk_Y_21
189 : eye_lmk_Y_19
190 : eye_lmk_Y_18
191 : eye_lmk_Y_17
192 : eye_lmk_Y_16
193 : eye_lmk_Y_15
194 : eye_lmk_Y_13
195 : eye_lmk_Y_11
196 : eye_lmk_X_8
197 : eye_lmk_X_7
198 : eye_lmk_X_6
199 : eye_lmk_X_55
200 : eye_lmk_X_52
201 : eye_lmk_X_49
202 : eye_lmk_X_47
203 : eye_lmk_X_44
204 : eye_lmk_X_43
205 : eye_lmk_X_42
206 : eye_lmk_X_40
207 : eye_lmk_X_4
208 : eye_lmk_X_38
209 : eye_lmk_X_37
210 : eye_lmk_X_36
211 : eye_lmk_X_35
212 : eye_lmk_X_34
213 : eye_lmk_X_33
214 : eye_lmk_X_31
215 : eye_lmk_X_30
216 : eye_lmk_X_3
217 : eye_lmk_X_27
218 : eye_lmk_X_24
219 : eye_lmk_X_21
220 : eye_lmk_X_20
221 : eye_lmk_X_19
222 : eye_lmk_X_16
223 : eye_lmk_X_15
224 : eye_lmk_X_14
225 : eye_lmk_X_12
226 : eye_lmk_X_11
227 : eye_lmk_X_10
228 : eye_lmk_X_0
229 : confidence
230 : Z_9
231 : Z_7
232 : Z_67
233 : Z_66
234 : Z_65
235 : Z_64
236 : Z_63
237 : Z_62
238 : Z_6
239 : Z_57
240 : Z_55
241 : Z_54
242 : Z_51
243 : Z_5
244 : Z_48
245 : Z_47
246 : Z_45
247 : Z_42
248 : Z_39
249 : Z_38
250 : Z_36
251 : Z_32
252 : Z_31
253 : Z_3
254 : Z_29
255 : Z_25
256 : Z_23
257 : Z_22
258 : Z_21
259 : Z_20
260 : Z_2
261 : Z_19
262 : Z_16
263 : Z_14
264 : Z_13
265 : Z_12
266 : Z_1
267 : Z_0
268 : Y_8
269 : Y_7
270 : Y_67
271 : Y_66
272 : Y_61
273 : Y_60
274 : Y_6
275 : Y_59
276 : Y_55
277 : Y_52
278 : Y_51
279 : Y_5
280 : Y_49
281 : Y_48
282 : Y_46
283 : Y_45
284 : Y_43
285 : Y_41
286 : Y_4
287 : Y_39
288 : Y_37
289 : Y_36
290 : Y_35
291 : Y_34
292 : Y_32
293 : Y_31
294 : Y_30
295 : Y_3
296 : Y_29
297 : Y_28
298 : Y_26
299 : Y_24
300 : Y_21
301 : Y_2
302 : Y_17
303 : Y_15
304 : Y_12
305 : Y_10
306 : Y_1
307 : Y_0
308 : X_9
309 : X_67
310 : X_66
311 : X_65
312 : X_64
313 : X_63
314 : X_62
315 : X_61
316 : X_60
317 : X_6
318 : X_55
319 : X_53
320 : X_52
321 : X_50
322 : X_48
323 : X_47
324 : X_46
325 : X_44
326 : X_42
327 : X_37
328 : X_34
329 : X_31
330 : X_30
331 : X_27
332 : X_25
333 : X_24
334 : X_23
335 : X_22
336 : X_21
337 : X_14
338 : X_13
339 : Sad
340 : AU45_r
341 : AU26_r
342 : AU23_r
343 : AU23_c
344 : AU20_r
345 : AU17_c
346 : AU15_r
347 : AU15_c
348 : AU14_r
349 : AU12_r
350 : AU12_c
351 : AU10_c
352 : AU09_r
353 : AU06_r
354 : AU06_c
355 : AU05_r
356 : AU02_r
357 : AU01_c
[86.04651162790698, 86.04651162790698, 88.37209302325581, 88.37209302325581, 88.37209302325581, 88.37209302325581, 88.37209302325581, 88.37209302325581, 88.37209302325581, 88.37209302325581, 88.37209302325581, 88.37209302325581, 88.37209302325581, 88.37209302325581, 88.37209302325581, 88.37209302325581, 88.37209302325581, 88.37209302325581, 88.37209302325581, 88.37209302325581, 88.37209302325581, 88.37209302325581, 88.37209302325581, 88.37209302325581, 88.37209302325581, 88.37209302325581, 88.37209302325581, 88.37209302325581, 88.37209302325581, 88.37209302325581, 88.37209302325581, 88.37209302325581, 88.37209302325581, 88.37209302325581, 88.37209302325581, 88.37209302325581, 88.37209302325581, 88.37209302325581, 88.37209302325581, 88.37209302325581, 88.37209302325581, 88.37209302325581, 88.37209302325581, 88.37209302325581, 88.37209302325581, 88.37209302325581, 88.37209302325581, 88.37209302325581, 88.37209302325581, 88.37209302325581]
Testing Accuracy of the best solution is : 88.88888888888889
