Mating : rank
Crossover : single
Mutation : inverse
Fitness
[79.06976744 83.72093023 83.72093023 79.06976744 83.72093023 81.39534884
 86.04651163 81.39534884 83.72093023 74.41860465]
86.04651162790698
Best fitness so far :  86.04651162790698
Parents
[[0. 1. 0. ... 1. 0. 1.]
 [1. 1. 0. ... 1. 0. 0.]]
Crossover
[[0. 1. 0. ... 1. 0. 0.]
 [1. 1. 0. ... 1. 0. 1.]
 [0. 1. 0. ... 1. 0. 0.]
 ...
 [1. 1. 0. ... 1. 0. 1.]
 [0. 1. 0. ... 1. 0. 0.]
 [1. 1. 0. ... 1. 0. 1.]]
Mutation
[[0. 1. 0. ... 1. 0. 0.]
 [1. 1. 0. ... 1. 0. 1.]
 [0. 1. 0. ... 1. 0. 0.]
 ...
 [1. 1. 0. ... 1. 0. 1.]
 [0. 1. 0. ... 1. 0. 0.]
 [1. 1. 0. ... 1. 0. 1.]]
Fitness
[86.04651163 83.72093023 76.74418605 86.04651163 76.74418605 86.04651163
 76.74418605 86.04651163 76.74418605 86.04651163]
86.04651162790698
Best fitness so far :  86.04651162790698
Parents
[[0. 1. 0. ... 1. 0. 1.]
 [1. 1. 0. ... 1. 0. 1.]]
Crossover
[[0. 1. 0. ... 1. 0. 1.]
 [1. 1. 0. ... 1. 0. 1.]
 [0. 1. 0. ... 1. 0. 1.]
 ...
 [1. 1. 0. ... 1. 0. 1.]
 [0. 1. 0. ... 1. 0. 1.]
 [1. 1. 0. ... 1. 0. 1.]]
Mutation
[[0. 1. 0. ... 1. 0. 1.]
 [1. 1. 0. ... 1. 0. 1.]
 [0. 1. 0. ... 1. 0. 1.]
 ...
 [1. 1. 0. ... 1. 0. 1.]
 [0. 1. 0. ... 1. 0. 1.]
 [1. 1. 0. ... 1. 0. 1.]]
Fitness
[86.04651163 86.04651163 86.04651163 86.04651163 86.04651163 86.04651163
 86.04651163 86.04651163 86.04651163 86.04651163]
86.04651162790698
Best fitness so far :  86.04651162790698
Parents
[[0. 1. 0. ... 1. 0. 1.]
 [1. 1. 0. ... 1. 0. 1.]]
Crossover
[[0. 1. 0. ... 1. 0. 1.]
 [1. 1. 0. ... 1. 0. 1.]
 [0. 1. 0. ... 1. 0. 1.]
 ...
 [1. 1. 0. ... 1. 0. 1.]
 [0. 1. 0. ... 1. 0. 1.]
 [1. 1. 0. ... 1. 0. 1.]]
Mutation
[[0. 1. 0. ... 1. 0. 1.]
 [1. 1. 0. ... 1. 0. 1.]
 [0. 1. 0. ... 1. 0. 1.]
 ...
 [1. 1. 0. ... 1. 0. 1.]
 [0. 1. 0. ... 1. 0. 1.]
 [1. 1. 0. ... 1. 0. 1.]]
Fitness
[86.04651163 86.04651163 86.04651163 86.04651163 86.04651163 86.04651163
 86.04651163 86.04651163 86.04651163 86.04651163]
86.04651162790698
Best fitness so far :  86.04651162790698
Parents
[[0. 1. 0. ... 1. 0. 1.]
 [1. 1. 0. ... 1. 0. 1.]]
Crossover
[[0. 1. 0. ... 1. 0. 1.]
 [1. 1. 0. ... 1. 0. 1.]
 [0. 1. 0. ... 1. 0. 1.]
 ...
 [1. 1. 0. ... 1. 0. 1.]
 [0. 1. 0. ... 1. 0. 1.]
 [1. 1. 0. ... 1. 0. 1.]]
Mutation
[[0. 1. 0. ... 1. 0. 1.]
 [1. 1. 0. ... 1. 0. 1.]
 [0. 1. 0. ... 1. 0. 1.]
 ...
 [1. 1. 0. ... 1. 0. 1.]
 [0. 1. 0. ... 1. 0. 1.]
 [1. 1. 0. ... 1. 0. 1.]]
Fitness
[86.04651163 86.04651163 86.04651163 86.04651163 86.04651163 86.04651163
 86.04651163 86.04651163 86.04651163 86.04651163]
86.04651162790698
Best fitness so far :  86.04651162790698
Parents
[[0. 1. 0. ... 1. 0. 1.]
 [1. 1. 0. ... 1. 0. 1.]]
Crossover
[[0. 1. 0. ... 1. 0. 1.]
 [1. 1. 0. ... 1. 0. 1.]
 [0. 1. 0. ... 1. 0. 1.]
 ...
 [1. 1. 0. ... 1. 0. 1.]
 [0. 1. 0. ... 1. 0. 1.]
 [1. 1. 0. ... 1. 0. 1.]]
Mutation
[[0. 1. 0. ... 1. 0. 1.]
 [1. 1. 0. ... 1. 0. 1.]
 [0. 1. 0. ... 1. 0. 1.]
 ...
 [1. 1. 0. ... 1. 0. 1.]
 [0. 1. 0. ... 1. 0. 1.]
 [1. 1. 0. ... 1. 0. 1.]]
Fitness
[86.04651163 86.04651163 86.04651163 86.04651163 86.04651163 86.04651163
 86.04651163 86.04651163 86.04651163 86.04651163]
86.04651162790698
Best fitness so far :  86.04651162790698
Parents
[[0. 1. 0. ... 1. 0. 1.]
 [1. 1. 0. ... 1. 0. 1.]]
Crossover
[[0. 1. 0. ... 1. 0. 1.]
 [1. 1. 0. ... 1. 0. 1.]
 [0. 1. 0. ... 1. 0. 1.]
 ...
 [1. 1. 0. ... 1. 0. 1.]
 [0. 1. 0. ... 1. 0. 1.]
 [1. 1. 0. ... 1. 0. 1.]]
Mutation
[[0. 1. 0. ... 1. 0. 1.]
 [1. 1. 0. ... 1. 0. 1.]
 [0. 1. 0. ... 1. 0. 1.]
 ...
 [1. 1. 0. ... 1. 0. 1.]
 [0. 1. 0. ... 1. 0. 1.]
 [1. 1. 0. ... 1. 0. 1.]]
Fitness
[86.04651163 86.04651163 86.04651163 86.04651163 86.04651163 86.04651163
 86.04651163 86.04651163 86.04651163 86.04651163]
86.04651162790698
Best fitness so far :  86.04651162790698
Parents
[[0. 1. 0. ... 1. 0. 1.]
 [1. 1. 0. ... 1. 0. 1.]]
Crossover
[[0. 1. 0. ... 1. 0. 1.]
 [1. 1. 0. ... 1. 0. 1.]
 [0. 1. 0. ... 1. 0. 1.]
 ...
 [1. 1. 0. ... 1. 0. 1.]
 [0. 1. 0. ... 1. 0. 1.]
 [1. 1. 0. ... 1. 0. 1.]]
Mutation
[[0. 1. 0. ... 1. 0. 1.]
 [1. 1. 0. ... 1. 0. 1.]
 [0. 1. 0. ... 1. 0. 1.]
 ...
 [1. 1. 0. ... 1. 0. 1.]
 [0. 1. 0. ... 1. 0. 1.]
 [1. 1. 0. ... 1. 0. 1.]]
Fitness
[86.04651163 86.04651163 86.04651163 86.04651163 86.04651163 86.04651163
 86.04651163 86.04651163 86.04651163 86.04651163]
86.04651162790698
Best fitness so far :  86.04651162790698
Parents
[[0. 1. 0. ... 1. 0. 1.]
 [1. 1. 0. ... 1. 0. 1.]]
Crossover
[[0. 1. 0. ... 1. 0. 1.]
 [1. 1. 0. ... 1. 0. 1.]
 [0. 1. 0. ... 1. 0. 1.]
 ...
 [1. 1. 0. ... 1. 0. 1.]
 [0. 1. 0. ... 1. 0. 1.]
 [1. 1. 0. ... 1. 0. 1.]]
Mutation
[[0. 1. 0. ... 1. 0. 1.]
 [1. 1. 0. ... 1. 0. 1.]
 [0. 1. 0. ... 1. 0. 1.]
 ...
 [1. 1. 0. ... 1. 0. 1.]
 [0. 1. 0. ... 1. 0. 1.]
 [1. 1. 0. ... 1. 0. 1.]]
Fitness
[86.04651163 86.04651163 86.04651163 86.04651163 86.04651163 86.04651163
 86.04651163 86.04651163 86.04651163 86.04651163]
86.04651162790698
Best fitness so far :  86.04651162790698
Parents
[[0. 1. 0. ... 1. 0. 1.]
 [1. 1. 0. ... 1. 0. 1.]]
Crossover
[[0. 1. 0. ... 1. 0. 1.]
 [1. 1. 0. ... 1. 0. 1.]
 [0. 1. 0. ... 1. 0. 1.]
 ...
 [1. 1. 0. ... 1. 0. 1.]
 [0. 1. 0. ... 1. 0. 1.]
 [1. 1. 0. ... 1. 0. 1.]]
Mutation
[[0. 1. 0. ... 1. 0. 1.]
 [1. 1. 0. ... 1. 0. 1.]
 [0. 1. 0. ... 1. 0. 1.]
 ...
 [1. 1. 0. ... 1. 0. 1.]
 [0. 1. 0. ... 1. 0. 1.]
 [1. 1. 0. ... 1. 0. 1.]]
Fitness
[86.04651163 86.04651163 86.04651163 86.04651163 86.04651163 86.04651163
 86.04651163 86.04651163 86.04651163 86.04651163]
86.04651162790698
Best fitness so far :  86.04651162790698
Parents
[[0. 1. 0. ... 1. 0. 1.]
 [1. 1. 0. ... 1. 0. 1.]]
Crossover
[[0. 1. 0. ... 1. 0. 1.]
 [1. 1. 0. ... 1. 0. 1.]
 [0. 1. 0. ... 1. 0. 1.]
 ...
 [1. 1. 0. ... 1. 0. 1.]
 [0. 1. 0. ... 1. 0. 1.]
 [1. 1. 0. ... 1. 0. 1.]]
Mutation
[[0. 1. 0. ... 1. 0. 1.]
 [1. 1. 0. ... 1. 0. 1.]
 [0. 1. 0. ... 1. 0. 1.]
 ...
 [1. 1. 0. ... 1. 0. 1.]
 [0. 1. 0. ... 1. 0. 1.]
 [1. 1. 0. ... 1. 0. 1.]]
Fitness
[86.04651163 86.04651163 86.04651163 86.04651163 86.04651163 86.04651163
 86.04651163 86.04651163 86.04651163 86.04651163]
86.04651162790698
Best fitness so far :  86.04651162790698
Parents
[[0. 1. 0. ... 1. 0. 1.]
 [1. 1. 0. ... 1. 0. 1.]]
Crossover
[[0. 1. 0. ... 1. 0. 1.]
 [1. 1. 0. ... 1. 0. 1.]
 [0. 1. 0. ... 1. 0. 1.]
 ...
 [1. 1. 0. ... 1. 0. 1.]
 [0. 1. 0. ... 1. 0. 1.]
 [1. 1. 0. ... 1. 0. 1.]]
Mutation
[[0. 1. 0. ... 1. 0. 1.]
 [1. 1. 0. ... 1. 0. 1.]
 [0. 1. 0. ... 1. 0. 1.]
 ...
 [1. 1. 0. ... 1. 0. 1.]
 [0. 1. 0. ... 1. 0. 1.]
 [1. 1. 0. ... 1. 0. 1.]]
Fitness
[86.04651163 86.04651163 86.04651163 86.04651163 86.04651163 86.04651163
 86.04651163 86.04651163 86.04651163 86.04651163]
86.04651162790698
Best fitness so far :  86.04651162790698
Parents
[[0. 1. 0. ... 1. 0. 1.]
 [1. 1. 0. ... 1. 0. 1.]]
Crossover
[[0. 1. 0. ... 1. 0. 1.]
 [1. 1. 0. ... 1. 0. 1.]
 [0. 1. 0. ... 1. 0. 1.]
 ...
 [1. 1. 0. ... 1. 0. 1.]
 [0. 1. 0. ... 1. 0. 1.]
 [1. 1. 0. ... 1. 0. 1.]]
Mutation
[[0. 1. 0. ... 1. 0. 1.]
 [1. 1. 0. ... 1. 0. 1.]
 [0. 1. 0. ... 1. 0. 1.]
 ...
 [1. 1. 0. ... 1. 0. 1.]
 [0. 1. 0. ... 1. 0. 1.]
 [1. 1. 0. ... 1. 0. 1.]]
Fitness
[86.04651163 86.04651163 86.04651163 86.04651163 86.04651163 86.04651163
 86.04651163 86.04651163 86.04651163 86.04651163]
86.04651162790698
Best fitness so far :  86.04651162790698
Parents
[[0. 1. 0. ... 1. 0. 1.]
 [1. 1. 0. ... 1. 0. 1.]]
Crossover
[[0. 1. 0. ... 1. 0. 1.]
 [1. 1. 0. ... 1. 0. 1.]
 [0. 1. 0. ... 1. 0. 1.]
 ...
 [1. 1. 0. ... 1. 0. 1.]
 [0. 1. 0. ... 1. 0. 1.]
 [1. 1. 0. ... 1. 0. 1.]]
Mutation
[[0. 1. 0. ... 1. 0. 1.]
 [1. 1. 0. ... 1. 0. 1.]
 [0. 1. 0. ... 1. 0. 1.]
 ...
 [1. 1. 0. ... 1. 0. 1.]
 [0. 1. 0. ... 1. 0. 1.]
 [1. 1. 0. ... 1. 0. 1.]]
Fitness
[86.04651163 86.04651163 86.04651163 86.04651163 86.04651163 86.04651163
 86.04651163 86.04651163 86.04651163 86.04651163]
86.04651162790698
Best fitness so far :  86.04651162790698
Parents
[[0. 1. 0. ... 1. 0. 1.]
 [1. 1. 0. ... 1. 0. 1.]]
Crossover
[[0. 1. 0. ... 1. 0. 1.]
 [1. 1. 0. ... 1. 0. 1.]
 [0. 1. 0. ... 1. 0. 1.]
 ...
 [1. 1. 0. ... 1. 0. 1.]
 [0. 1. 0. ... 1. 0. 1.]
 [1. 1. 0. ... 1. 0. 1.]]
Mutation
[[0. 1. 0. ... 1. 0. 1.]
 [1. 1. 0. ... 1. 0. 1.]
 [0. 1. 0. ... 1. 0. 1.]
 ...
 [1. 1. 0. ... 1. 0. 1.]
 [0. 1. 0. ... 1. 0. 1.]
 [1. 1. 0. ... 1. 0. 1.]]
Fitness
[86.04651163 86.04651163 86.04651163 86.04651163 86.04651163 86.04651163
 86.04651163 86.04651163 86.04651163 86.04651163]
86.04651162790698
Best fitness so far :  86.04651162790698
Parents
[[0. 1. 0. ... 1. 0. 1.]
 [1. 1. 0. ... 1. 0. 1.]]
Crossover
[[0. 1. 0. ... 1. 0. 1.]
 [1. 1. 0. ... 1. 0. 1.]
 [0. 1. 0. ... 1. 0. 1.]
 ...
 [1. 1. 0. ... 1. 0. 1.]
 [0. 1. 0. ... 1. 0. 1.]
 [1. 1. 0. ... 1. 0. 1.]]
Mutation
[[0. 1. 0. ... 1. 0. 1.]
 [1. 1. 0. ... 1. 0. 1.]
 [0. 1. 0. ... 1. 0. 1.]
 ...
 [1. 1. 0. ... 1. 0. 1.]
 [0. 1. 0. ... 1. 0. 1.]
 [1. 1. 0. ... 1. 0. 1.]]
Fitness
[86.04651163 86.04651163 86.04651163 86.04651163 86.04651163 86.04651163
 86.04651163 86.04651163 86.04651163 86.04651163]
86.04651162790698
Best fitness so far :  86.04651162790698
Parents
[[0. 1. 0. ... 1. 0. 1.]
 [1. 1. 0. ... 1. 0. 1.]]
Crossover
[[0. 1. 0. ... 1. 0. 1.]
 [1. 1. 0. ... 1. 0. 1.]
 [0. 1. 0. ... 1. 0. 1.]
 ...
 [1. 1. 0. ... 1. 0. 1.]
 [0. 1. 0. ... 1. 0. 1.]
 [1. 1. 0. ... 1. 0. 1.]]
Mutation
[[0. 1. 0. ... 1. 0. 1.]
 [1. 1. 0. ... 1. 0. 1.]
 [0. 1. 0. ... 1. 0. 1.]
 ...
 [1. 1. 0. ... 1. 0. 1.]
 [0. 1. 0. ... 1. 0. 1.]
 [1. 1. 0. ... 1. 0. 1.]]
Fitness
[86.04651163 86.04651163 86.04651163 86.04651163 86.04651163 86.04651163
 86.04651163 86.04651163 86.04651163 86.04651163]
86.04651162790698
Best fitness so far :  86.04651162790698
Parents
[[0. 1. 0. ... 1. 0. 1.]
 [1. 1. 0. ... 1. 0. 1.]]
Crossover
[[0. 1. 0. ... 1. 0. 1.]
 [1. 1. 0. ... 1. 0. 1.]
 [0. 1. 0. ... 1. 0. 1.]
 ...
 [1. 1. 0. ... 1. 0. 1.]
 [0. 1. 0. ... 1. 0. 1.]
 [1. 1. 0. ... 1. 0. 1.]]
Mutation
[[0. 1. 0. ... 1. 0. 1.]
 [1. 1. 0. ... 1. 0. 1.]
 [0. 1. 0. ... 1. 0. 1.]
 ...
 [1. 1. 0. ... 1. 0. 1.]
 [0. 1. 0. ... 1. 0. 1.]
 [1. 1. 0. ... 1. 0. 1.]]
Fitness
[86.04651163 86.04651163 86.04651163 86.04651163 86.04651163 86.04651163
 86.04651163 86.04651163 86.04651163 86.04651163]
86.04651162790698
Best fitness so far :  86.04651162790698
Parents
[[0. 1. 0. ... 1. 0. 1.]
 [1. 1. 0. ... 1. 0. 1.]]
Crossover
[[0. 1. 0. ... 1. 0. 1.]
 [1. 1. 0. ... 1. 0. 1.]
 [0. 1. 0. ... 1. 0. 1.]
 ...
 [1. 1. 0. ... 1. 0. 1.]
 [0. 1. 0. ... 1. 0. 1.]
 [1. 1. 0. ... 1. 0. 1.]]
Mutation
[[0. 1. 0. ... 1. 0. 1.]
 [1. 1. 0. ... 1. 0. 1.]
 [0. 1. 0. ... 1. 0. 1.]
 ...
 [1. 1. 0. ... 1. 0. 1.]
 [0. 1. 0. ... 1. 0. 1.]
 [1. 1. 0. ... 1. 0. 1.]]
Fitness
[86.04651163 86.04651163 86.04651163 86.04651163 86.04651163 86.04651163
 86.04651163 86.04651163 86.04651163 86.04651163]
86.04651162790698
Best fitness so far :  86.04651162790698
Parents
[[0. 1. 0. ... 1. 0. 1.]
 [1. 1. 0. ... 1. 0. 1.]]
Crossover
[[0. 1. 0. ... 1. 0. 1.]
 [1. 1. 0. ... 1. 0. 1.]
 [0. 1. 0. ... 1. 0. 1.]
 ...
 [1. 1. 0. ... 1. 0. 1.]
 [0. 1. 0. ... 1. 0. 1.]
 [1. 1. 0. ... 1. 0. 1.]]
Mutation
[[0. 1. 0. ... 1. 0. 1.]
 [1. 1. 0. ... 1. 0. 1.]
 [0. 1. 0. ... 1. 0. 1.]
 ...
 [1. 1. 0. ... 1. 0. 1.]
 [0. 1. 0. ... 1. 0. 1.]
 [1. 1. 0. ... 1. 0. 1.]]
Fitness
[86.04651163 86.04651163 86.04651163 86.04651163 86.04651163 86.04651163
 86.04651163 86.04651163 86.04651163 86.04651163]
86.04651162790698
Best fitness so far :  86.04651162790698
Parents
[[0. 1. 0. ... 1. 0. 1.]
 [1. 1. 0. ... 1. 0. 1.]]
Crossover
[[0. 1. 0. ... 1. 0. 1.]
 [1. 1. 0. ... 1. 0. 1.]
 [0. 1. 0. ... 1. 0. 1.]
 ...
 [1. 1. 0. ... 1. 0. 1.]
 [0. 1. 0. ... 1. 0. 1.]
 [1. 1. 0. ... 1. 0. 1.]]
Mutation
[[0. 1. 0. ... 1. 0. 1.]
 [1. 1. 0. ... 1. 0. 1.]
 [0. 1. 0. ... 1. 0. 1.]
 ...
 [1. 1. 0. ... 1. 0. 1.]
 [0. 1. 0. ... 1. 0. 1.]
 [1. 1. 0. ... 1. 0. 1.]]
Fitness
[86.04651163 86.04651163 86.04651163 86.04651163 86.04651163 86.04651163
 86.04651163 86.04651163 86.04651163 86.04651163]
86.04651162790698
Best fitness so far :  86.04651162790698
Parents
[[0. 1. 0. ... 1. 0. 1.]
 [1. 1. 0. ... 1. 0. 1.]]
Crossover
[[0. 1. 0. ... 1. 0. 1.]
 [1. 1. 0. ... 1. 0. 1.]
 [0. 1. 0. ... 1. 0. 1.]
 ...
 [1. 1. 0. ... 1. 0. 1.]
 [0. 1. 0. ... 1. 0. 1.]
 [1. 1. 0. ... 1. 0. 1.]]
Mutation
[[0. 1. 0. ... 1. 0. 1.]
 [1. 1. 0. ... 1. 0. 1.]
 [0. 1. 0. ... 1. 0. 1.]
 ...
 [1. 1. 0. ... 1. 0. 1.]
 [0. 1. 0. ... 1. 0. 1.]
 [1. 1. 0. ... 1. 0. 1.]]
Fitness
[86.04651163 86.04651163 86.04651163 86.04651163 86.04651163 86.04651163
 86.04651163 86.04651163 86.04651163 86.04651163]
86.04651162790698
Best fitness so far :  86.04651162790698
Parents
[[0. 1. 0. ... 1. 0. 1.]
 [1. 1. 0. ... 1. 0. 1.]]
Crossover
[[0. 1. 0. ... 1. 0. 1.]
 [1. 1. 0. ... 1. 0. 1.]
 [0. 1. 0. ... 1. 0. 1.]
 ...
 [1. 1. 0. ... 1. 0. 1.]
 [0. 1. 0. ... 1. 0. 1.]
 [1. 1. 0. ... 1. 0. 1.]]
Mutation
[[0. 1. 0. ... 1. 0. 1.]
 [1. 1. 0. ... 1. 0. 1.]
 [0. 1. 0. ... 1. 0. 1.]
 ...
 [1. 1. 0. ... 1. 0. 1.]
 [0. 1. 0. ... 1. 0. 1.]
 [1. 1. 0. ... 1. 0. 1.]]
Fitness
[86.04651163 86.04651163 86.04651163 86.04651163 86.04651163 86.04651163
 86.04651163 86.04651163 86.04651163 86.04651163]
86.04651162790698
Best fitness so far :  86.04651162790698
Parents
[[0. 1. 0. ... 1. 0. 1.]
 [1. 1. 0. ... 1. 0. 1.]]
Crossover
[[0. 1. 0. ... 1. 0. 1.]
 [1. 1. 0. ... 1. 0. 1.]
 [0. 1. 0. ... 1. 0. 1.]
 ...
 [1. 1. 0. ... 1. 0. 1.]
 [0. 1. 0. ... 1. 0. 1.]
 [1. 1. 0. ... 1. 0. 1.]]
Mutation
[[0. 1. 0. ... 1. 0. 1.]
 [1. 1. 0. ... 1. 0. 1.]
 [0. 1. 0. ... 1. 0. 1.]
 ...
 [1. 1. 0. ... 1. 0. 1.]
 [0. 1. 0. ... 1. 0. 1.]
 [1. 1. 0. ... 1. 0. 1.]]
Fitness
[86.04651163 86.04651163 86.04651163 86.04651163 86.04651163 86.04651163
 86.04651163 86.04651163 86.04651163 86.04651163]
86.04651162790698
Best fitness so far :  86.04651162790698
Parents
[[0. 1. 0. ... 1. 0. 1.]
 [1. 1. 0. ... 1. 0. 1.]]
Crossover
[[0. 1. 0. ... 1. 0. 1.]
 [1. 1. 0. ... 1. 0. 1.]
 [0. 1. 0. ... 1. 0. 1.]
 ...
 [1. 1. 0. ... 1. 0. 1.]
 [0. 1. 0. ... 1. 0. 1.]
 [1. 1. 0. ... 1. 0. 1.]]
Mutation
[[0. 1. 0. ... 1. 0. 1.]
 [1. 1. 0. ... 1. 0. 1.]
 [0. 1. 0. ... 1. 0. 1.]
 ...
 [1. 1. 0. ... 1. 0. 1.]
 [0. 1. 0. ... 1. 0. 1.]
 [1. 1. 0. ... 1. 0. 1.]]
Fitness
[86.04651163 86.04651163 86.04651163 86.04651163 86.04651163 86.04651163
 86.04651163 86.04651163 86.04651163 86.04651163]
86.04651162790698
Best fitness so far :  86.04651162790698
Parents
[[0. 1. 0. ... 1. 0. 1.]
 [1. 1. 0. ... 1. 0. 1.]]
Crossover
[[0. 1. 0. ... 1. 0. 1.]
 [1. 1. 0. ... 1. 0. 1.]
 [0. 1. 0. ... 1. 0. 1.]
 ...
 [1. 1. 0. ... 1. 0. 1.]
 [0. 1. 0. ... 1. 0. 1.]
 [1. 1. 0. ... 1. 0. 1.]]
Mutation
[[0. 1. 0. ... 1. 0. 1.]
 [1. 1. 0. ... 1. 0. 1.]
 [0. 1. 0. ... 1. 0. 1.]
 ...
 [1. 1. 0. ... 1. 0. 1.]
 [0. 1. 0. ... 1. 0. 1.]
 [1. 1. 0. ... 1. 0. 1.]]
Fitness
[86.04651163 86.04651163 86.04651163 86.04651163 86.04651163 86.04651163
 86.04651163 86.04651163 86.04651163 86.04651163]
86.04651162790698
Best fitness so far :  86.04651162790698
Parents
[[0. 1. 0. ... 1. 0. 1.]
 [1. 1. 0. ... 1. 0. 1.]]
Crossover
[[0. 1. 0. ... 1. 0. 1.]
 [1. 1. 0. ... 1. 0. 1.]
 [0. 1. 0. ... 1. 0. 1.]
 ...
 [1. 1. 0. ... 1. 0. 1.]
 [0. 1. 0. ... 1. 0. 1.]
 [1. 1. 0. ... 1. 0. 1.]]
Mutation
[[0. 1. 0. ... 1. 0. 1.]
 [1. 1. 0. ... 1. 0. 1.]
 [0. 1. 0. ... 1. 0. 1.]
 ...
 [1. 1. 0. ... 1. 0. 1.]
 [0. 1. 0. ... 1. 0. 1.]
 [1. 1. 0. ... 1. 0. 1.]]
Fitness
[86.04651163 86.04651163 86.04651163 86.04651163 86.04651163 86.04651163
 86.04651163 86.04651163 86.04651163 86.04651163]
86.04651162790698
Best fitness so far :  86.04651162790698
Parents
[[0. 1. 0. ... 1. 0. 1.]
 [1. 1. 0. ... 1. 0. 1.]]
Crossover
[[0. 1. 0. ... 1. 0. 1.]
 [1. 1. 0. ... 1. 0. 1.]
 [0. 1. 0. ... 1. 0. 1.]
 ...
 [1. 1. 0. ... 1. 0. 1.]
 [0. 1. 0. ... 1. 0. 1.]
 [1. 1. 0. ... 1. 0. 1.]]
Mutation
[[0. 1. 0. ... 1. 0. 1.]
 [1. 1. 0. ... 1. 0. 1.]
 [0. 1. 0. ... 1. 0. 1.]
 ...
 [1. 1. 0. ... 1. 0. 1.]
 [0. 1. 0. ... 1. 0. 1.]
 [1. 1. 0. ... 1. 0. 1.]]
Fitness
[86.04651163 86.04651163 86.04651163 86.04651163 86.04651163 86.04651163
 86.04651163 86.04651163 86.04651163 86.04651163]
86.04651162790698
Best fitness so far :  86.04651162790698
Parents
[[0. 1. 0. ... 1. 0. 1.]
 [1. 1. 0. ... 1. 0. 1.]]
Crossover
[[0. 1. 0. ... 1. 0. 1.]
 [1. 1. 0. ... 1. 0. 1.]
 [0. 1. 0. ... 1. 0. 1.]
 ...
 [1. 1. 0. ... 1. 0. 1.]
 [0. 1. 0. ... 1. 0. 1.]
 [1. 1. 0. ... 1. 0. 1.]]
Mutation
[[0. 1. 0. ... 1. 0. 1.]
 [1. 1. 0. ... 1. 0. 1.]
 [0. 1. 0. ... 1. 0. 1.]
 ...
 [1. 1. 0. ... 1. 0. 1.]
 [0. 1. 0. ... 1. 0. 1.]
 [1. 1. 0. ... 1. 0. 1.]]
Fitness
[86.04651163 86.04651163 86.04651163 86.04651163 86.04651163 86.04651163
 86.04651163 86.04651163 86.04651163 86.04651163]
86.04651162790698
Best fitness so far :  86.04651162790698
Parents
[[0. 1. 0. ... 1. 0. 1.]
 [1. 1. 0. ... 1. 0. 1.]]
Crossover
[[0. 1. 0. ... 1. 0. 1.]
 [1. 1. 0. ... 1. 0. 1.]
 [0. 1. 0. ... 1. 0. 1.]
 ...
 [1. 1. 0. ... 1. 0. 1.]
 [0. 1. 0. ... 1. 0. 1.]
 [1. 1. 0. ... 1. 0. 1.]]
Mutation
[[0. 1. 0. ... 1. 0. 1.]
 [1. 1. 0. ... 1. 0. 1.]
 [0. 1. 0. ... 1. 0. 1.]
 ...
 [1. 1. 0. ... 1. 0. 1.]
 [0. 1. 0. ... 1. 0. 1.]
 [1. 1. 0. ... 1. 0. 1.]]
Fitness
[86.04651163 86.04651163 86.04651163 86.04651163 86.04651163 86.04651163
 86.04651163 86.04651163 86.04651163 86.04651163]
86.04651162790698
Best fitness so far :  86.04651162790698
Parents
[[0. 1. 0. ... 1. 0. 1.]
 [1. 1. 0. ... 1. 0. 1.]]
Crossover
[[0. 1. 0. ... 1. 0. 1.]
 [1. 1. 0. ... 1. 0. 1.]
 [0. 1. 0. ... 1. 0. 1.]
 ...
 [1. 1. 0. ... 1. 0. 1.]
 [0. 1. 0. ... 1. 0. 1.]
 [1. 1. 0. ... 1. 0. 1.]]
Mutation
[[0. 1. 0. ... 1. 0. 1.]
 [1. 1. 0. ... 1. 0. 1.]
 [0. 1. 0. ... 1. 0. 1.]
 ...
 [1. 1. 0. ... 1. 0. 1.]
 [0. 1. 0. ... 1. 0. 1.]
 [1. 1. 0. ... 1. 0. 1.]]
Fitness
[86.04651163 86.04651163 86.04651163 86.04651163 86.04651163 86.04651163
 86.04651163 86.04651163 86.04651163 86.04651163]
86.04651162790698
Best fitness so far :  86.04651162790698
Parents
[[0. 1. 0. ... 1. 0. 1.]
 [1. 1. 0. ... 1. 0. 1.]]
Crossover
[[0. 1. 0. ... 1. 0. 1.]
 [1. 1. 0. ... 1. 0. 1.]
 [0. 1. 0. ... 1. 0. 1.]
 ...
 [1. 1. 0. ... 1. 0. 1.]
 [0. 1. 0. ... 1. 0. 1.]
 [1. 1. 0. ... 1. 0. 1.]]
Mutation
[[0. 1. 0. ... 1. 0. 1.]
 [1. 1. 0. ... 1. 0. 1.]
 [0. 1. 0. ... 1. 0. 1.]
 ...
 [1. 1. 0. ... 1. 0. 1.]
 [0. 1. 0. ... 1. 0. 1.]
 [1. 1. 0. ... 1. 0. 1.]]
Fitness
[86.04651163 86.04651163 86.04651163 86.04651163 86.04651163 86.04651163
 86.04651163 86.04651163 86.04651163 86.04651163]
86.04651162790698
Best fitness so far :  86.04651162790698
Parents
[[0. 1. 0. ... 1. 0. 1.]
 [1. 1. 0. ... 1. 0. 1.]]
Crossover
[[0. 1. 0. ... 1. 0. 1.]
 [1. 1. 0. ... 1. 0. 1.]
 [0. 1. 0. ... 1. 0. 1.]
 ...
 [1. 1. 0. ... 1. 0. 1.]
 [0. 1. 0. ... 1. 0. 1.]
 [1. 1. 0. ... 1. 0. 1.]]
Mutation
[[0. 1. 0. ... 1. 0. 1.]
 [1. 1. 0. ... 1. 0. 1.]
 [0. 1. 0. ... 1. 0. 1.]
 ...
 [1. 1. 0. ... 1. 0. 1.]
 [0. 1. 0. ... 1. 0. 1.]
 [1. 1. 0. ... 1. 0. 1.]]
Fitness
[86.04651163 86.04651163 86.04651163 86.04651163 86.04651163 86.04651163
 86.04651163 86.04651163 86.04651163 86.04651163]
86.04651162790698
Best fitness so far :  86.04651162790698
Parents
[[0. 1. 0. ... 1. 0. 1.]
 [1. 1. 0. ... 1. 0. 1.]]
Crossover
[[0. 1. 0. ... 1. 0. 1.]
 [1. 1. 0. ... 1. 0. 1.]
 [0. 1. 0. ... 1. 0. 1.]
 ...
 [1. 1. 0. ... 1. 0. 1.]
 [0. 1. 0. ... 1. 0. 1.]
 [1. 1. 0. ... 1. 0. 1.]]
Mutation
[[0. 1. 0. ... 1. 0. 1.]
 [1. 1. 0. ... 1. 0. 1.]
 [0. 1. 0. ... 1. 0. 1.]
 ...
 [1. 1. 0. ... 1. 0. 1.]
 [0. 1. 0. ... 1. 0. 1.]
 [1. 1. 0. ... 1. 0. 1.]]
Fitness
[86.04651163 86.04651163 86.04651163 86.04651163 86.04651163 86.04651163
 86.04651163 86.04651163 86.04651163 86.04651163]
86.04651162790698
Best fitness so far :  86.04651162790698
Parents
[[0. 1. 0. ... 1. 0. 1.]
 [1. 1. 0. ... 1. 0. 1.]]
Crossover
[[0. 1. 0. ... 1. 0. 1.]
 [1. 1. 0. ... 1. 0. 1.]
 [0. 1. 0. ... 1. 0. 1.]
 ...
 [1. 1. 0. ... 1. 0. 1.]
 [0. 1. 0. ... 1. 0. 1.]
 [1. 1. 0. ... 1. 0. 1.]]
Mutation
[[0. 1. 0. ... 1. 0. 1.]
 [1. 1. 0. ... 1. 0. 1.]
 [0. 1. 0. ... 1. 0. 1.]
 ...
 [1. 1. 0. ... 1. 0. 1.]
 [0. 1. 0. ... 1. 0. 1.]
 [1. 1. 0. ... 1. 0. 1.]]
Fitness
[86.04651163 86.04651163 86.04651163 86.04651163 86.04651163 86.04651163
 86.04651163 86.04651163 86.04651163 86.04651163]
86.04651162790698
Best fitness so far :  86.04651162790698
Parents
[[0. 1. 0. ... 1. 0. 1.]
 [1. 1. 0. ... 1. 0. 1.]]
Crossover
[[0. 1. 0. ... 1. 0. 1.]
 [1. 1. 0. ... 1. 0. 1.]
 [0. 1. 0. ... 1. 0. 1.]
 ...
 [1. 1. 0. ... 1. 0. 1.]
 [0. 1. 0. ... 1. 0. 1.]
 [1. 1. 0. ... 1. 0. 1.]]
Mutation
[[0. 1. 0. ... 1. 0. 1.]
 [1. 1. 0. ... 1. 0. 1.]
 [0. 1. 0. ... 1. 0. 1.]
 ...
 [1. 1. 0. ... 1. 0. 1.]
 [0. 1. 0. ... 1. 0. 1.]
 [1. 1. 0. ... 1. 0. 1.]]
Fitness
[86.04651163 86.04651163 86.04651163 86.04651163 86.04651163 86.04651163
 86.04651163 86.04651163 86.04651163 86.04651163]
86.04651162790698
Best fitness so far :  86.04651162790698
Parents
[[0. 1. 0. ... 1. 0. 1.]
 [1. 1. 0. ... 1. 0. 1.]]
Crossover
[[0. 1. 0. ... 1. 0. 1.]
 [1. 1. 0. ... 1. 0. 1.]
 [0. 1. 0. ... 1. 0. 1.]
 ...
 [1. 1. 0. ... 1. 0. 1.]
 [0. 1. 0. ... 1. 0. 1.]
 [1. 1. 0. ... 1. 0. 1.]]
Mutation
[[0. 1. 0. ... 1. 0. 1.]
 [1. 1. 0. ... 1. 0. 1.]
 [0. 1. 0. ... 1. 0. 1.]
 ...
 [1. 1. 0. ... 1. 0. 1.]
 [0. 1. 0. ... 1. 0. 1.]
 [1. 1. 0. ... 1. 0. 1.]]
Fitness
[86.04651163 86.04651163 86.04651163 86.04651163 86.04651163 86.04651163
 86.04651163 86.04651163 86.04651163 86.04651163]
86.04651162790698
Best fitness so far :  86.04651162790698
Parents
[[0. 1. 0. ... 1. 0. 1.]
 [1. 1. 0. ... 1. 0. 1.]]
Crossover
[[0. 1. 0. ... 1. 0. 1.]
 [1. 1. 0. ... 1. 0. 1.]
 [0. 1. 0. ... 1. 0. 1.]
 ...
 [1. 1. 0. ... 1. 0. 1.]
 [0. 1. 0. ... 1. 0. 1.]
 [1. 1. 0. ... 1. 0. 1.]]
Mutation
[[0. 1. 0. ... 1. 0. 1.]
 [1. 1. 0. ... 1. 0. 1.]
 [0. 1. 0. ... 1. 0. 1.]
 ...
 [1. 1. 0. ... 1. 0. 1.]
 [0. 1. 0. ... 1. 0. 1.]
 [1. 1. 0. ... 1. 0. 1.]]
Fitness
[86.04651163 86.04651163 86.04651163 86.04651163 86.04651163 86.04651163
 86.04651163 86.04651163 86.04651163 86.04651163]
86.04651162790698
Best fitness so far :  86.04651162790698
Parents
[[0. 1. 0. ... 1. 0. 1.]
 [1. 1. 0. ... 1. 0. 1.]]
Crossover
[[0. 1. 0. ... 1. 0. 1.]
 [1. 1. 0. ... 1. 0. 1.]
 [0. 1. 0. ... 1. 0. 1.]
 ...
 [1. 1. 0. ... 1. 0. 1.]
 [0. 1. 0. ... 1. 0. 1.]
 [1. 1. 0. ... 1. 0. 1.]]
Mutation
[[0. 1. 0. ... 1. 0. 1.]
 [1. 1. 0. ... 1. 0. 1.]
 [0. 1. 0. ... 1. 0. 1.]
 ...
 [1. 1. 0. ... 1. 0. 1.]
 [0. 1. 0. ... 1. 0. 1.]
 [1. 1. 0. ... 1. 0. 1.]]
Fitness
[86.04651163 86.04651163 86.04651163 86.04651163 86.04651163 86.04651163
 86.04651163 86.04651163 86.04651163 86.04651163]
86.04651162790698
Best fitness so far :  86.04651162790698
Parents
[[0. 1. 0. ... 1. 0. 1.]
 [1. 1. 0. ... 1. 0. 1.]]
Crossover
[[0. 1. 0. ... 1. 0. 1.]
 [1. 1. 0. ... 1. 0. 1.]
 [0. 1. 0. ... 1. 0. 1.]
 ...
 [1. 1. 0. ... 1. 0. 1.]
 [0. 1. 0. ... 1. 0. 1.]
 [1. 1. 0. ... 1. 0. 1.]]
Mutation
[[0. 1. 0. ... 1. 0. 1.]
 [1. 1. 0. ... 1. 0. 1.]
 [0. 1. 0. ... 1. 0. 1.]
 ...
 [1. 1. 0. ... 1. 0. 1.]
 [0. 1. 0. ... 1. 0. 1.]
 [1. 1. 0. ... 1. 0. 1.]]
Fitness
[86.04651163 86.04651163 86.04651163 86.04651163 86.04651163 86.04651163
 86.04651163 86.04651163 86.04651163 86.04651163]
86.04651162790698
Best fitness so far :  86.04651162790698
Parents
[[0. 1. 0. ... 1. 0. 1.]
 [1. 1. 0. ... 1. 0. 1.]]
Crossover
[[0. 1. 0. ... 1. 0. 1.]
 [1. 1. 0. ... 1. 0. 1.]
 [0. 1. 0. ... 1. 0. 1.]
 ...
 [1. 1. 0. ... 1. 0. 1.]
 [0. 1. 0. ... 1. 0. 1.]
 [1. 1. 0. ... 1. 0. 1.]]
Mutation
[[0. 1. 0. ... 1. 0. 1.]
 [1. 1. 0. ... 1. 0. 1.]
 [0. 1. 0. ... 1. 0. 1.]
 ...
 [1. 1. 0. ... 1. 0. 1.]
 [0. 1. 0. ... 1. 0. 1.]
 [1. 1. 0. ... 1. 0. 1.]]
Fitness
[86.04651163 86.04651163 86.04651163 86.04651163 86.04651163 86.04651163
 86.04651163 86.04651163 86.04651163 86.04651163]
86.04651162790698
Best fitness so far :  86.04651162790698
Parents
[[0. 1. 0. ... 1. 0. 1.]
 [1. 1. 0. ... 1. 0. 1.]]
Crossover
[[0. 1. 0. ... 1. 0. 1.]
 [1. 1. 0. ... 1. 0. 1.]
 [0. 1. 0. ... 1. 0. 1.]
 ...
 [1. 1. 0. ... 1. 0. 1.]
 [0. 1. 0. ... 1. 0. 1.]
 [1. 1. 0. ... 1. 0. 1.]]
Mutation
[[0. 1. 0. ... 1. 0. 1.]
 [1. 1. 0. ... 1. 0. 1.]
 [0. 1. 0. ... 1. 0. 1.]
 ...
 [1. 1. 0. ... 1. 0. 1.]
 [0. 1. 0. ... 1. 0. 1.]
 [1. 1. 0. ... 1. 0. 1.]]
Fitness
[86.04651163 86.04651163 86.04651163 86.04651163 86.04651163 86.04651163
 86.04651163 86.04651163 86.04651163 86.04651163]
86.04651162790698
Best fitness so far :  86.04651162790698
Parents
[[0. 1. 0. ... 1. 0. 1.]
 [1. 1. 0. ... 1. 0. 1.]]
Crossover
[[0. 1. 0. ... 1. 0. 1.]
 [1. 1. 0. ... 1. 0. 1.]
 [0. 1. 0. ... 1. 0. 1.]
 ...
 [1. 1. 0. ... 1. 0. 1.]
 [0. 1. 0. ... 1. 0. 1.]
 [1. 1. 0. ... 1. 0. 1.]]
Mutation
[[0. 1. 0. ... 1. 0. 1.]
 [1. 1. 0. ... 1. 0. 1.]
 [0. 1. 0. ... 1. 0. 1.]
 ...
 [1. 1. 0. ... 1. 0. 1.]
 [0. 1. 0. ... 1. 0. 1.]
 [1. 1. 0. ... 1. 0. 1.]]
Fitness
[86.04651163 86.04651163 86.04651163 86.04651163 86.04651163 86.04651163
 86.04651163 86.04651163 86.04651163 86.04651163]
86.04651162790698
Best fitness so far :  86.04651162790698
Parents
[[0. 1. 0. ... 1. 0. 1.]
 [1. 1. 0. ... 1. 0. 1.]]
Crossover
[[0. 1. 0. ... 1. 0. 1.]
 [1. 1. 0. ... 1. 0. 1.]
 [0. 1. 0. ... 1. 0. 1.]
 ...
 [1. 1. 0. ... 1. 0. 1.]
 [0. 1. 0. ... 1. 0. 1.]
 [1. 1. 0. ... 1. 0. 1.]]
Mutation
[[0. 1. 0. ... 1. 0. 1.]
 [1. 1. 0. ... 1. 0. 1.]
 [0. 1. 0. ... 1. 0. 1.]
 ...
 [1. 1. 0. ... 1. 0. 1.]
 [0. 1. 0. ... 1. 0. 1.]
 [1. 1. 0. ... 1. 0. 1.]]
Fitness
[86.04651163 86.04651163 86.04651163 86.04651163 86.04651163 86.04651163
 86.04651163 86.04651163 86.04651163 86.04651163]
86.04651162790698
Best fitness so far :  86.04651162790698
Parents
[[0. 1. 0. ... 1. 0. 1.]
 [1. 1. 0. ... 1. 0. 1.]]
Crossover
[[0. 1. 0. ... 1. 0. 1.]
 [1. 1. 0. ... 1. 0. 1.]
 [0. 1. 0. ... 1. 0. 1.]
 ...
 [1. 1. 0. ... 1. 0. 1.]
 [0. 1. 0. ... 1. 0. 1.]
 [1. 1. 0. ... 1. 0. 1.]]
Mutation
[[0. 1. 0. ... 1. 0. 1.]
 [1. 1. 0. ... 1. 0. 1.]
 [0. 1. 0. ... 1. 0. 1.]
 ...
 [1. 1. 0. ... 1. 0. 1.]
 [0. 1. 0. ... 1. 0. 1.]
 [1. 1. 0. ... 1. 0. 1.]]
Fitness
[86.04651163 86.04651163 86.04651163 86.04651163 86.04651163 86.04651163
 86.04651163 86.04651163 86.04651163 86.04651163]
86.04651162790698
Best fitness so far :  86.04651162790698
Parents
[[0. 1. 0. ... 1. 0. 1.]
 [1. 1. 0. ... 1. 0. 1.]]
Crossover
[[0. 1. 0. ... 1. 0. 1.]
 [1. 1. 0. ... 1. 0. 1.]
 [0. 1. 0. ... 1. 0. 1.]
 ...
 [1. 1. 0. ... 1. 0. 1.]
 [0. 1. 0. ... 1. 0. 1.]
 [1. 1. 0. ... 1. 0. 1.]]
Mutation
[[0. 1. 0. ... 1. 0. 1.]
 [1. 1. 0. ... 1. 0. 1.]
 [0. 1. 0. ... 1. 0. 1.]
 ...
 [1. 1. 0. ... 1. 0. 1.]
 [0. 1. 0. ... 1. 0. 1.]
 [1. 1. 0. ... 1. 0. 1.]]
Fitness
[86.04651163 86.04651163 86.04651163 86.04651163 86.04651163 86.04651163
 86.04651163 86.04651163 86.04651163 86.04651163]
86.04651162790698
Best fitness so far :  86.04651162790698
Parents
[[0. 1. 0. ... 1. 0. 1.]
 [1. 1. 0. ... 1. 0. 1.]]
Crossover
[[0. 1. 0. ... 1. 0. 1.]
 [1. 1. 0. ... 1. 0. 1.]
 [0. 1. 0. ... 1. 0. 1.]
 ...
 [1. 1. 0. ... 1. 0. 1.]
 [0. 1. 0. ... 1. 0. 1.]
 [1. 1. 0. ... 1. 0. 1.]]
Mutation
[[0. 1. 0. ... 1. 0. 1.]
 [1. 1. 0. ... 1. 0. 1.]
 [0. 1. 0. ... 1. 0. 1.]
 ...
 [1. 1. 0. ... 1. 0. 1.]
 [0. 1. 0. ... 1. 0. 1.]
 [1. 1. 0. ... 1. 0. 1.]]
Fitness
[86.04651163 86.04651163 86.04651163 86.04651163 86.04651163 86.04651163
 86.04651163 86.04651163 86.04651163 86.04651163]
86.04651162790698
Best fitness so far :  86.04651162790698
Parents
[[0. 1. 0. ... 1. 0. 1.]
 [1. 1. 0. ... 1. 0. 1.]]
Crossover
[[0. 1. 0. ... 1. 0. 1.]
 [1. 1. 0. ... 1. 0. 1.]
 [0. 1. 0. ... 1. 0. 1.]
 ...
 [1. 1. 0. ... 1. 0. 1.]
 [0. 1. 0. ... 1. 0. 1.]
 [1. 1. 0. ... 1. 0. 1.]]
Mutation
[[0. 1. 0. ... 1. 0. 1.]
 [1. 1. 0. ... 1. 0. 1.]
 [0. 1. 0. ... 1. 0. 1.]
 ...
 [1. 1. 0. ... 1. 0. 1.]
 [0. 1. 0. ... 1. 0. 1.]
 [1. 1. 0. ... 1. 0. 1.]]
Fitness
[86.04651163 86.04651163 86.04651163 86.04651163 86.04651163 86.04651163
 86.04651163 86.04651163 86.04651163 86.04651163]
86.04651162790698
Best fitness so far :  86.04651162790698
Parents
[[0. 1. 0. ... 1. 0. 1.]
 [1. 1. 0. ... 1. 0. 1.]]
Crossover
[[0. 1. 0. ... 1. 0. 1.]
 [1. 1. 0. ... 1. 0. 1.]
 [0. 1. 0. ... 1. 0. 1.]
 ...
 [1. 1. 0. ... 1. 0. 1.]
 [0. 1. 0. ... 1. 0. 1.]
 [1. 1. 0. ... 1. 0. 1.]]
Mutation
[[0. 1. 0. ... 1. 0. 1.]
 [1. 1. 0. ... 1. 0. 1.]
 [0. 1. 0. ... 1. 0. 1.]
 ...
 [1. 1. 0. ... 1. 0. 1.]
 [0. 1. 0. ... 1. 0. 1.]
 [1. 1. 0. ... 1. 0. 1.]]
Fitness
[86.04651163 86.04651163 86.04651163 86.04651163 86.04651163 86.04651163
 86.04651163 86.04651163 86.04651163 86.04651163]
86.04651162790698
Best fitness so far :  86.04651162790698
Parents
[[0. 1. 0. ... 1. 0. 1.]
 [1. 1. 0. ... 1. 0. 1.]]
Crossover
[[0. 1. 0. ... 1. 0. 1.]
 [1. 1. 0. ... 1. 0. 1.]
 [0. 1. 0. ... 1. 0. 1.]
 ...
 [1. 1. 0. ... 1. 0. 1.]
 [0. 1. 0. ... 1. 0. 1.]
 [1. 1. 0. ... 1. 0. 1.]]
Mutation
[[0. 1. 0. ... 1. 0. 1.]
 [1. 1. 0. ... 1. 0. 1.]
 [0. 1. 0. ... 1. 0. 1.]
 ...
 [1. 1. 0. ... 1. 0. 1.]
 [0. 1. 0. ... 1. 0. 1.]
 [1. 1. 0. ... 1. 0. 1.]]
Fitness
[86.04651163 86.04651163 86.04651163 86.04651163 86.04651163 86.04651163
 86.04651163 86.04651163 86.04651163 86.04651163]
86.04651162790698
Best fitness so far :  86.04651162790698
Parents
[[0. 1. 0. ... 1. 0. 1.]
 [1. 1. 0. ... 1. 0. 1.]]
Crossover
[[0. 1. 0. ... 1. 0. 1.]
 [1. 1. 0. ... 1. 0. 1.]
 [0. 1. 0. ... 1. 0. 1.]
 ...
 [1. 1. 0. ... 1. 0. 1.]
 [0. 1. 0. ... 1. 0. 1.]
 [1. 1. 0. ... 1. 0. 1.]]
Mutation
[[0. 1. 0. ... 1. 0. 1.]
 [1. 1. 0. ... 1. 0. 1.]
 [0. 1. 0. ... 1. 0. 1.]
 ...
 [1. 1. 0. ... 1. 0. 1.]
 [0. 1. 0. ... 1. 0. 1.]
 [1. 1. 0. ... 1. 0. 1.]]
best_solution :  [0 1 0 1 0 0 0 1 0 1 1 1 0 0 0 1 1 1 1 0 1 0 1 0 0 0 0 1 1 0 1 0 1 0 1 0 0
 0 1 1 1 1 1 1 0 0 0 1 0 0 0 0 0 1 1 1 0 0 1 0 1 0 0 1 1 1 1 1 0 0 1 1 1 1
 0 1 0 0 1 0 0 0 1 1 1 1 1 0 0 0 0 0 0 1 1 0 0 1 0 1 0 0 0 1 0 1 0 0 0 1 0
 1 0 0 1 1 0 1 0 1 1 1 1 1 0 0 1 0 0 1 0 0 0 1 1 1 1 1 0 1 1 0 0 0 0 0 1 1
 1 1 0 1 1 1 1 0 1 1 1 1 0 1 0 0 1 1 1 0 1 0 1 1 0 1 0 1 1 0 0 0 1 0 0 0 0
 1 0 0 0 1 0 1 0 0 1 1 1 0 0 1 0 0 0 0 0 1 0 0 0 1 1 1 0 0 1 1 0 1 1 0 0 1
 1 0 1 0 0 0 0 1 0 1 0 0 1 0 0 0 0 1 1 0 1 0 0 0 0 1 1 0 0 1 0 1 0 1 0 1 0
 0 0 1 1 0 0 1 0 0 0 1 0 1 1 1 1 0 0 0 0 0 1 1 0 1 1 0 0 1 0 0 0 0 0 1 0 0
 0 0 0 1 0 1 0 1 0 0 0 1 0 0 1 0 0 0 0 1 0 1 1 1 1 0 1 1 1 0 1 1 1 1 0 0 0
 0 0 1 1 1 1 0 0 1 0 0 1 1 1 0 0 1 0 0 1 0 0 1 1 0 0 1 1 1 1 1 1 0 1 0 0 1
 1 0 0 1 0 0 1 1 0 0 0 0 1 1 1 1 0 0 0 1 1 1 0 0 1 1 0 1 0 1 1 0 0 0 0 0 1
 1 0 0 0 0 0 1 1 1 0 0 1 0 0 1 1 0 1 0 1 0 0 0 1 1 0 1 0 1 1 1 1 1 1 0 1 0
 0 0 1 1 0 1 1 1 0 0 1 0 1 1 0 0 1 0 1 1 1 0 0 0 1 1 0 1 0 1 0 0 0 1 0 1 0
 0 0 0 1 0 0 0 1 0 0 1 1 1 0 1 0 0 1 1 0 1 0 1 0 0 1 0 1 1 1 0 0 1 0 0 0 0
 1 0 1 0 0 1 1 1 1 1 1 1 0 1 1 1 1 1 1 0 1 0 0 0 0 0 1 1 0 0 0 0 0 0 0 0 1
 1 0 1 1 0 0 1 1 1 1 1 0 0 0 0 0 0 1 1 0 1 1 0 0 0 1 1 1 0 0 1 0 0 1 0 1 0
 1 0 1 1 1 0 0 0 1 1 0 0 0 0 0 1 1 1 1 0 1 0 1 0 0 0 0 1 0 1 1 1 1 0 0 0 0
 1 0 1 1 1 0 0 0 0 0 0 0 1 0 1 1 0 0 1 1 0 1 1 1 0 0 1 0 0 1 1 0 0 0 1 0 0
 1 0 1 0 0 0 1 1 1 1 1 0 1 0 1 0 0 0 1 1 1 0 0 1 1 1 1 1 1 0 0 0 0 1 1 1 1
 0 0 1 1 1 0 1]
Selected indices :  [  1   3   7   9  10  11  15  16  17  18  20  22  27  28  30  32  34  38
  39  40  41  42  43  47  53  54  55  58  60  63  64  65  66  67  70  71
  72  73  75  78  82  83  84  85  86  93  94  97  99 103 105 109 111 114
 115 117 119 120 121 122 123 126 129 133 134 135 136 137 139 140 146 147
 148 149 151 152 153 154 156 157 158 159 161 164 165 166 168 170 171 173
 175 176 180 185 189 191 194 195 196 199 205 209 210 211 214 215 217 218
 221 222 224 229 231 234 239 240 242 247 248 251 253 255 257 261 262 265
 269 271 272 273 274 280 281 283 284 287 293 299 301 303 307 310 315 317
 318 319 320 322 323 324 326 327 328 329 335 336 337 338 341 344 345 346
 349 352 355 356 359 360 361 362 363 364 366 369 370 373 376 377 382 383
 384 385 389 390 391 394 395 397 399 400 406 407 413 414 415 418 421 422
 424 426 430 431 433 435 436 437 438 439 440 442 446 447 449 450 451 454
 456 457 460 462 463 464 468 469 471 473 477 479 484 488 491 492 493 495
 498 499 501 503 506 508 509 510 513 518 520 523 524 525 526 527 528 529
 531 532 533 534 535 536 538 544 545 554 555 557 558 561 562 563 564 565
 572 573 575 576 580 581 582 585 588 590 592 594 595 596 600 601 607 608
 609 610 612 614 619 621 622 623 624 629 631 632 633 641 643 644 647 648
 650 651 652 655 658 659 663 666 668 672 673 674 675 676 678 680 684 685
 686 689 690 691 692 693 694 699 700 701 702 705 706 707 709]
Number of selected features :  339
Best solution fitness(Training accuracy) :  86.04651162790698
Printing features in the best feature subset
0 : y_9
1 : y_67
2 : y_66
3 : y_62
4 : y_60
5 : y_6
6 : y_58
7 : y_57
8 : y_54
9 : y_51
10 : y_50
11 : y_5
12 : y_49
13 : y_43
14 : y_42
15 : y_36
16 : y_35
17 : y_33
18 : y_31
19 : y_30
20 : y_27
21 : y_26
22 : y_25
23 : y_21
24 : y_20
25 : y_2
26 : y_19
27 : y_18
28 : y_13
29 : y_12
30 : y_0
31 : x_7
32 : x_67
33 : x_66
34 : x_65
35 : x_64
36 : x_63
37 : x_60
38 : x_59
39 : x_56
40 : x_53
41 : x_50
42 : x_5
43 : x_49
44 : x_48
45 : x_45
46 : x_42
47 : x_41
48 : x_40
49 : x_39
50 : x_33
51 : x_32
52 : x_31
53 : x_30
54 : x_3
55 : x_28
56 : x_27
57 : x_26
58 : x_24
59 : x_23
60 : x_22
61 : x_21
62 : x_19
63 : x_14
64 : x_11
65 : pose_Rx
66 : p_ty
67 : p_9
68 : p_8
69 : p_6
70 : p_5
71 : p_33
72 : p_32
73 : p_31
74 : p_30
75 : p_26
76 : p_24
77 : p_21
78 : p_2
79 : p_17
80 : p_16
81 : p_13
82 : p_10
83 : p_1
84 : gaze_angle_y
85 : gaze_1_z
86 : gaze_0_y
87 : eye_lmk_y_9
88 : eye_lmk_y_7
89 : eye_lmk_y_6
90 : eye_lmk_y_55
91 : eye_lmk_y_54
92 : eye_lmk_y_53
93 : eye_lmk_y_51
94 : eye_lmk_y_5
95 : eye_lmk_y_49
96 : eye_lmk_y_48
97 : eye_lmk_y_45
98 : eye_lmk_y_43
99 : eye_lmk_y_4
100 : eye_lmk_y_39
101 : eye_lmk_y_37
102 : eye_lmk_y_33
103 : eye_lmk_y_31
104 : eye_lmk_y_28
105 : eye_lmk_y_27
106 : eye_lmk_y_20
107 : eye_lmk_y_19
108 : eye_lmk_y_18
109 : eye_lmk_y_17
110 : eye_lmk_y_16
111 : eye_lmk_y_12
112 : eye_lmk_y_1
113 : eye_lmk_y_0
114 : eye_lmk_x_8
115 : eye_lmk_x_7
116 : eye_lmk_x_6
117 : eye_lmk_x_55
118 : eye_lmk_x_54
119 : eye_lmk_x_53
120 : eye_lmk_x_50
121 : eye_lmk_x_5
122 : eye_lmk_x_48
123 : eye_lmk_x_45
124 : eye_lmk_x_44
125 : eye_lmk_x_43
126 : eye_lmk_x_37
127 : eye_lmk_x_33
128 : eye_lmk_x_32
129 : eye_lmk_x_31
130 : eye_lmk_x_30
131 : eye_lmk_x_29
132 : eye_lmk_x_28
133 : eye_lmk_x_24
134 : eye_lmk_x_22
135 : eye_lmk_x_20
136 : eye_lmk_x_18
137 : eye_lmk_x_17
138 : eye_lmk_x_12
139 : eye_lmk_x_10
140 : eye_lmk_x_1
141 : eye_lmk_x_0
142 : eye_lmk_Z_8
143 : eye_lmk_Z_6
144 : eye_lmk_Z_53
145 : eye_lmk_Z_50
146 : eye_lmk_Z_5
147 : eye_lmk_Z_49
148 : eye_lmk_Z_47
149 : eye_lmk_Z_46
150 : eye_lmk_Z_40
151 : eye_lmk_Z_39
152 : eye_lmk_Z_38
153 : eye_lmk_Z_37
154 : eye_lmk_Z_35
155 : eye_lmk_Z_31
156 : eye_lmk_Z_28
157 : eye_lmk_Z_27
158 : eye_lmk_Z_23
159 : eye_lmk_Z_21
160 : eye_lmk_Z_19
161 : eye_lmk_Z_17
162 : eye_lmk_Z_14
163 : eye_lmk_Z_13
164 : eye_lmk_Z_0
165 : eye_lmk_Y_7
166 : eye_lmk_Y_53
167 : eye_lmk_Y_51
168 : eye_lmk_Y_46
169 : eye_lmk_Y_44
170 : eye_lmk_Y_43
171 : eye_lmk_Y_40
172 : eye_lmk_Y_39
173 : eye_lmk_Y_37
174 : eye_lmk_Y_36
175 : eye_lmk_Y_33
176 : eye_lmk_Y_32
177 : eye_lmk_Y_31
178 : eye_lmk_Y_27
179 : eye_lmk_Y_21
180 : eye_lmk_Y_2
181 : eye_lmk_Y_18
182 : eye_lmk_Y_17
183 : eye_lmk_Y_16
184 : eye_lmk_Y_13
185 : eye_lmk_Y_11
186 : eye_lmk_X_7
187 : eye_lmk_X_54
188 : eye_lmk_X_53
189 : eye_lmk_X_51
190 : eye_lmk_X_49
191 : eye_lmk_X_48
192 : eye_lmk_X_46
193 : eye_lmk_X_44
194 : eye_lmk_X_43
195 : eye_lmk_X_42
196 : eye_lmk_X_4
197 : eye_lmk_X_39
198 : eye_lmk_X_37
199 : eye_lmk_X_36
200 : eye_lmk_X_35
201 : eye_lmk_X_34
202 : eye_lmk_X_32
203 : eye_lmk_X_31
204 : eye_lmk_X_30
205 : eye_lmk_X_29
206 : eye_lmk_X_27
207 : eye_lmk_X_26
208 : eye_lmk_X_25
209 : eye_lmk_X_24
210 : eye_lmk_X_18
211 : eye_lmk_X_17
212 : eye_lmk_X_15
213 : eye_lmk_X_14
214 : eye_lmk_X_13
215 : eye_lmk_X_12
216 : eye_lmk_X_11
217 : eye_lmk_X_1
218 : eye_lmk_X_0
219 : confidence
220 : Z_8
221 : Z_7
222 : Z_65
223 : Z_64
224 : Z_63
225 : Z_61
226 : Z_56
227 : Z_55
228 : Z_54
229 : Z_53
230 : Z_51
231 : Z_5
232 : Z_46
233 : Z_44
234 : Z_42
235 : Z_41
236 : Z_40
237 : Z_4
238 : Z_39
239 : Z_33
240 : Z_32
241 : Z_28
242 : Z_27
243 : Z_26
244 : Z_24
245 : Z_22
246 : Z_20
247 : Z_17
248 : Z_14
249 : Z_13
250 : Z_12
251 : Y_9
252 : Y_8
253 : Y_65
254 : Y_64
255 : Y_63
256 : Y_62
257 : Y_61
258 : Y_6
259 : Y_58
260 : Y_57
261 : Y_55
262 : Y_54
263 : Y_45
264 : Y_44
265 : Y_38
266 : Y_36
267 : Y_35
268 : Y_34
269 : Y_33
270 : Y_32
271 : Y_31
272 : Y_3
273 : Y_29
274 : Y_28
275 : Y_27
276 : Y_26
277 : Y_25
278 : Y_24
279 : Y_23
280 : Y_20
281 : Y_18
282 : Y_13
283 : Y_10
284 : Y_1
285 : X_8
286 : X_7
287 : X_67
288 : X_66
289 : X_63
290 : X_61
291 : X_60
292 : X_6
293 : X_59
294 : X_56
295 : X_52
296 : X_5
297 : X_47
298 : X_45
299 : X_41
300 : X_4
301 : X_39
302 : X_37
303 : X_36
304 : X_32
305 : X_31
306 : X_30
307 : X_3
308 : X_28
309 : X_25
310 : X_24
311 : X_22
312 : X_19
313 : X_18
314 : X_17
315 : X_15
316 : X_14
317 : X_10
318 : X_1
319 : AU45_r
320 : AU28_c
321 : AU26_r
322 : AU25_r
323 : AU25_c
324 : AU23_r
325 : AU23_c
326 : AU20_c
327 : AU15_r
328 : AU14_r
329 : AU14_c
330 : AU12_r
331 : AU12_c
332 : AU10_c
333 : AU09_c
334 : AU06_r
335 : AU04_r
336 : AU02_c
337 : AU01_r
338 : AU01_c
[86.04651162790698, 86.04651162790698, 86.04651162790698, 86.04651162790698, 86.04651162790698, 86.04651162790698, 86.04651162790698, 86.04651162790698, 86.04651162790698, 86.04651162790698, 86.04651162790698, 86.04651162790698, 86.04651162790698, 86.04651162790698, 86.04651162790698, 86.04651162790698, 86.04651162790698, 86.04651162790698, 86.04651162790698, 86.04651162790698, 86.04651162790698, 86.04651162790698, 86.04651162790698, 86.04651162790698, 86.04651162790698, 86.04651162790698, 86.04651162790698, 86.04651162790698, 86.04651162790698, 86.04651162790698, 86.04651162790698, 86.04651162790698, 86.04651162790698, 86.04651162790698, 86.04651162790698, 86.04651162790698, 86.04651162790698, 86.04651162790698, 86.04651162790698, 86.04651162790698, 86.04651162790698, 86.04651162790698, 86.04651162790698, 86.04651162790698, 86.04651162790698, 86.04651162790698, 86.04651162790698, 86.04651162790698, 86.04651162790698, 86.04651162790698]
Testing Accuracy of the best solution is : 83.33333333333334
