Mating : rank
Crossover : two_point
Mutation : bit
Fitness
[86.04651163 86.04651163 86.04651163 86.04651163 86.04651163 83.72093023
 88.37209302 83.72093023 86.04651163 83.72093023]
88.37209302325581
Best fitness so far :  88.37209302325581
Parents
[[0. 0. 0. ... 1. 0. 0.]
 [0. 1. 0. ... 1. 1. 0.]]
Crossover
[[0. 1. 0. ... 1. 1. 0.]
 [0. 0. 0. ... 1. 0. 0.]
 [0. 1. 0. ... 1. 1. 0.]
 ...
 [0. 0. 0. ... 1. 0. 0.]
 [0. 1. 0. ... 1. 1. 0.]
 [0. 0. 0. ... 1. 0. 0.]]
Mutation
[[0. 1. 0. ... 1. 1. 0.]
 [0. 0. 0. ... 1. 0. 0.]
 [0. 1. 0. ... 1. 1. 0.]
 ...
 [0. 0. 0. ... 1. 0. 0.]
 [0. 1. 0. ... 1. 1. 0.]
 [0. 0. 0. ... 1. 0. 0.]]
Fitness
[88.37209302 86.04651163 88.37209302 86.04651163 88.37209302 86.04651163
 88.37209302 86.04651163 88.37209302 86.04651163]
88.37209302325581
Best fitness so far :  88.37209302325581
Parents
[[0. 0. 0. ... 1. 0. 0.]
 [0. 1. 0. ... 1. 1. 0.]]
Crossover
[[0. 1. 0. ... 1. 1. 0.]
 [0. 0. 0. ... 1. 0. 0.]
 [0. 1. 0. ... 1. 1. 0.]
 ...
 [0. 0. 0. ... 1. 0. 0.]
 [0. 1. 0. ... 1. 1. 0.]
 [0. 0. 0. ... 1. 0. 0.]]
Mutation
[[0. 0. 0. ... 1. 1. 0.]
 [0. 1. 0. ... 1. 0. 0.]
 [0. 0. 0. ... 1. 1. 0.]
 ...
 [0. 1. 0. ... 1. 0. 0.]
 [0. 0. 0. ... 1. 1. 0.]
 [0. 1. 0. ... 1. 0. 0.]]
Fitness
[88.37209302 88.37209302 88.37209302 88.37209302 88.37209302 88.37209302
 88.37209302 88.37209302 88.37209302 88.37209302]
88.37209302325581
Best fitness so far :  88.37209302325581
Parents
[[0. 0. 0. ... 1. 0. 0.]
 [0. 1. 0. ... 1. 1. 0.]]
Crossover
[[0. 1. 0. ... 1. 1. 0.]
 [0. 0. 0. ... 1. 0. 0.]
 [0. 1. 0. ... 1. 1. 0.]
 ...
 [0. 0. 0. ... 1. 0. 0.]
 [0. 1. 0. ... 1. 1. 0.]
 [0. 0. 0. ... 1. 0. 0.]]
Mutation
[[0. 1. 0. ... 1. 1. 0.]
 [0. 0. 0. ... 1. 0. 0.]
 [0. 1. 0. ... 1. 1. 0.]
 ...
 [0. 0. 0. ... 1. 0. 0.]
 [0. 1. 0. ... 1. 1. 0.]
 [0. 0. 0. ... 1. 0. 0.]]
Fitness
[88.37209302 88.37209302 88.37209302 88.37209302 88.37209302 88.37209302
 88.37209302 88.37209302 88.37209302 88.37209302]
88.37209302325581
Best fitness so far :  88.37209302325581
Parents
[[0. 0. 0. ... 1. 0. 0.]
 [0. 1. 0. ... 1. 1. 0.]]
Crossover
[[0. 1. 0. ... 1. 1. 0.]
 [0. 0. 0. ... 1. 0. 0.]
 [0. 1. 0. ... 1. 1. 0.]
 ...
 [0. 0. 0. ... 1. 0. 0.]
 [0. 1. 0. ... 1. 1. 0.]
 [0. 0. 0. ... 1. 0. 0.]]
Mutation
[[0. 1. 0. ... 0. 1. 0.]
 [0. 0. 0. ... 0. 0. 0.]
 [0. 1. 0. ... 0. 1. 0.]
 ...
 [0. 0. 0. ... 0. 0. 0.]
 [0. 1. 0. ... 0. 1. 0.]
 [0. 0. 0. ... 0. 0. 0.]]
Fitness
[88.37209302 88.37209302 88.37209302 88.37209302 88.37209302 88.37209302
 88.37209302 88.37209302 88.37209302 88.37209302]
88.37209302325581
Best fitness so far :  88.37209302325581
Parents
[[0. 0. 0. ... 1. 0. 0.]
 [0. 1. 0. ... 1. 1. 0.]]
Crossover
[[0. 1. 0. ... 1. 1. 0.]
 [0. 0. 0. ... 1. 0. 0.]
 [0. 1. 0. ... 1. 1. 0.]
 ...
 [0. 0. 0. ... 1. 0. 0.]
 [0. 1. 0. ... 1. 1. 0.]
 [0. 0. 0. ... 1. 0. 0.]]
Mutation
[[0. 1. 0. ... 1. 1. 0.]
 [0. 0. 0. ... 1. 0. 0.]
 [0. 1. 0. ... 1. 1. 0.]
 ...
 [0. 0. 0. ... 1. 0. 0.]
 [0. 1. 0. ... 1. 1. 0.]
 [0. 0. 0. ... 1. 0. 0.]]
Fitness
[88.37209302 88.37209302 88.37209302 88.37209302 88.37209302 88.37209302
 88.37209302 88.37209302 88.37209302 88.37209302]
88.37209302325581
Best fitness so far :  88.37209302325581
Parents
[[0. 0. 0. ... 1. 0. 0.]
 [0. 1. 0. ... 1. 1. 0.]]
Crossover
[[0. 1. 0. ... 1. 1. 0.]
 [0. 0. 0. ... 1. 0. 0.]
 [0. 1. 0. ... 1. 1. 0.]
 ...
 [0. 0. 0. ... 1. 0. 0.]
 [0. 1. 0. ... 1. 1. 0.]
 [0. 0. 0. ... 1. 0. 0.]]
Mutation
[[0. 1. 0. ... 1. 1. 0.]
 [0. 0. 0. ... 1. 0. 0.]
 [0. 1. 0. ... 1. 1. 0.]
 ...
 [0. 0. 0. ... 1. 0. 0.]
 [0. 1. 0. ... 1. 1. 0.]
 [0. 0. 0. ... 1. 0. 0.]]
Fitness
[88.37209302 88.37209302 88.37209302 88.37209302 88.37209302 88.37209302
 88.37209302 88.37209302 88.37209302 88.37209302]
88.37209302325581
Best fitness so far :  88.37209302325581
Parents
[[0. 0. 0. ... 1. 0. 0.]
 [0. 1. 0. ... 1. 1. 0.]]
Crossover
[[0. 1. 0. ... 1. 1. 0.]
 [0. 0. 0. ... 1. 0. 0.]
 [0. 1. 0. ... 1. 1. 0.]
 ...
 [0. 0. 0. ... 1. 0. 0.]
 [0. 1. 0. ... 1. 1. 0.]
 [0. 0. 0. ... 1. 0. 0.]]
Mutation
[[0. 1. 0. ... 0. 1. 0.]
 [0. 0. 0. ... 0. 0. 0.]
 [0. 1. 0. ... 0. 1. 0.]
 ...
 [0. 0. 0. ... 0. 0. 0.]
 [0. 1. 0. ... 0. 1. 0.]
 [0. 0. 0. ... 0. 0. 0.]]
Fitness
[88.37209302 88.37209302 88.37209302 86.04651163 88.37209302 86.04651163
 88.37209302 86.04651163 88.37209302 86.04651163]
88.37209302325581
Best fitness so far :  88.37209302325581
Parents
[[0. 0. 0. ... 1. 0. 0.]
 [0. 1. 0. ... 1. 1. 0.]]
Crossover
[[0. 1. 0. ... 1. 1. 0.]
 [0. 0. 0. ... 1. 0. 0.]
 [0. 1. 0. ... 1. 1. 0.]
 ...
 [0. 0. 0. ... 1. 0. 0.]
 [0. 1. 0. ... 1. 1. 0.]
 [0. 0. 0. ... 1. 0. 0.]]
Mutation
[[0. 1. 1. ... 1. 1. 0.]
 [0. 0. 1. ... 1. 0. 0.]
 [0. 1. 1. ... 1. 1. 0.]
 ...
 [0. 0. 1. ... 1. 0. 0.]
 [0. 1. 1. ... 1. 1. 0.]
 [0. 0. 1. ... 1. 0. 0.]]
Fitness
[88.37209302 88.37209302 90.69767442 90.69767442 90.69767442 90.69767442
 90.69767442 90.69767442 90.69767442 90.69767442]
90.69767441860465
Best fitness so far :  90.69767441860465
Parents
[[0. 1. 1. ... 1. 1. 0.]
 [0. 0. 1. ... 1. 0. 0.]]
Crossover
[[0. 0. 1. ... 1. 0. 0.]
 [0. 1. 1. ... 1. 1. 0.]
 [0. 0. 1. ... 1. 0. 0.]
 ...
 [0. 1. 1. ... 1. 1. 0.]
 [0. 0. 1. ... 1. 0. 0.]
 [0. 1. 1. ... 1. 1. 0.]]
Mutation
[[0. 0. 1. ... 1. 0. 1.]
 [0. 1. 1. ... 1. 1. 1.]
 [0. 0. 1. ... 1. 0. 1.]
 ...
 [0. 1. 1. ... 1. 1. 1.]
 [0. 0. 1. ... 1. 0. 1.]
 [0. 1. 1. ... 1. 1. 1.]]
Fitness
[90.69767442 90.69767442 90.69767442 90.69767442 90.69767442 90.69767442
 90.69767442 90.69767442 90.69767442 90.69767442]
90.69767441860465
Best fitness so far :  90.69767441860465
Parents
[[0. 1. 1. ... 1. 1. 0.]
 [0. 0. 1. ... 1. 0. 0.]]
Crossover
[[0. 0. 1. ... 1. 0. 0.]
 [0. 1. 1. ... 1. 1. 0.]
 [0. 0. 1. ... 1. 0. 0.]
 ...
 [0. 1. 1. ... 1. 1. 0.]
 [0. 0. 1. ... 1. 0. 0.]
 [0. 1. 1. ... 1. 1. 0.]]
Mutation
[[0. 1. 1. ... 1. 0. 0.]
 [0. 0. 1. ... 1. 1. 0.]
 [0. 1. 1. ... 1. 0. 0.]
 ...
 [0. 0. 1. ... 1. 1. 0.]
 [0. 1. 1. ... 1. 0. 0.]
 [0. 0. 1. ... 1. 1. 0.]]
Fitness
[90.69767442 90.69767442 90.69767442 90.69767442 90.69767442 90.69767442
 90.69767442 90.69767442 90.69767442 90.69767442]
90.69767441860465
Best fitness so far :  90.69767441860465
Parents
[[0. 1. 1. ... 1. 1. 0.]
 [0. 0. 1. ... 1. 0. 0.]]
Crossover
[[0. 0. 1. ... 1. 0. 0.]
 [0. 1. 1. ... 1. 1. 0.]
 [0. 0. 1. ... 1. 0. 0.]
 ...
 [0. 1. 1. ... 1. 1. 0.]
 [0. 0. 1. ... 1. 0. 0.]
 [0. 1. 1. ... 1. 1. 0.]]
Mutation
[[0. 0. 1. ... 1. 0. 0.]
 [0. 1. 1. ... 1. 1. 0.]
 [0. 0. 1. ... 1. 0. 0.]
 ...
 [0. 1. 1. ... 1. 1. 0.]
 [0. 0. 1. ... 1. 0. 0.]
 [0. 1. 1. ... 1. 1. 0.]]
Fitness
[90.69767442 90.69767442 88.37209302 88.37209302 88.37209302 88.37209302
 88.37209302 88.37209302 88.37209302 88.37209302]
90.69767441860465
Best fitness so far :  90.69767441860465
Parents
[[0. 1. 1. ... 1. 1. 0.]
 [0. 0. 1. ... 1. 0. 0.]]
Crossover
[[0. 0. 1. ... 1. 0. 0.]
 [0. 1. 1. ... 1. 1. 0.]
 [0. 0. 1. ... 1. 0. 0.]
 ...
 [0. 1. 1. ... 1. 1. 0.]
 [0. 0. 1. ... 1. 0. 0.]
 [0. 1. 1. ... 1. 1. 0.]]
Mutation
[[0. 0. 1. ... 1. 0. 0.]
 [0. 1. 1. ... 1. 1. 0.]
 [0. 0. 1. ... 1. 0. 0.]
 ...
 [0. 1. 1. ... 1. 1. 0.]
 [0. 0. 1. ... 1. 0. 0.]
 [0. 1. 1. ... 1. 1. 0.]]
Fitness
[90.69767442 90.69767442 90.69767442 90.69767442 90.69767442 90.69767442
 90.69767442 90.69767442 90.69767442 90.69767442]
90.69767441860465
Best fitness so far :  90.69767441860465
Parents
[[0. 1. 1. ... 1. 1. 0.]
 [0. 0. 1. ... 1. 0. 0.]]
Crossover
[[0. 0. 1. ... 1. 0. 0.]
 [0. 1. 1. ... 1. 1. 0.]
 [0. 0. 1. ... 1. 0. 0.]
 ...
 [0. 1. 1. ... 1. 1. 0.]
 [0. 0. 1. ... 1. 0. 0.]
 [0. 1. 1. ... 1. 1. 0.]]
Mutation
[[0. 0. 1. ... 1. 0. 0.]
 [0. 1. 1. ... 1. 1. 0.]
 [0. 0. 1. ... 1. 0. 0.]
 ...
 [0. 1. 1. ... 1. 1. 0.]
 [0. 0. 1. ... 1. 0. 0.]
 [0. 1. 1. ... 1. 1. 0.]]
Fitness
[90.69767442 90.69767442 90.69767442 90.69767442 90.69767442 90.69767442
 90.69767442 90.69767442 90.69767442 90.69767442]
90.69767441860465
Best fitness so far :  90.69767441860465
Parents
[[0. 1. 1. ... 1. 1. 0.]
 [0. 0. 1. ... 1. 0. 0.]]
Crossover
[[0. 0. 1. ... 1. 0. 0.]
 [0. 1. 1. ... 1. 1. 0.]
 [0. 0. 1. ... 1. 0. 0.]
 ...
 [0. 1. 1. ... 1. 1. 0.]
 [0. 0. 1. ... 1. 0. 0.]
 [0. 1. 1. ... 1. 1. 0.]]
Mutation
[[0. 0. 1. ... 1. 0. 0.]
 [0. 1. 1. ... 1. 1. 0.]
 [0. 0. 1. ... 1. 0. 0.]
 ...
 [0. 1. 1. ... 1. 1. 0.]
 [0. 0. 1. ... 1. 0. 0.]
 [0. 1. 1. ... 1. 1. 0.]]
Fitness
[90.69767442 90.69767442 90.69767442 90.69767442 90.69767442 90.69767442
 90.69767442 90.69767442 90.69767442 90.69767442]
90.69767441860465
Best fitness so far :  90.69767441860465
Parents
[[0. 1. 1. ... 1. 1. 0.]
 [0. 0. 1. ... 1. 0. 0.]]
Crossover
[[0. 0. 1. ... 1. 0. 0.]
 [0. 1. 1. ... 1. 1. 0.]
 [0. 0. 1. ... 1. 0. 0.]
 ...
 [0. 1. 1. ... 1. 1. 0.]
 [0. 0. 1. ... 1. 0. 0.]
 [0. 1. 1. ... 1. 1. 0.]]
Mutation
[[0. 0. 1. ... 1. 0. 0.]
 [0. 1. 1. ... 1. 1. 0.]
 [0. 0. 1. ... 1. 0. 0.]
 ...
 [0. 1. 1. ... 1. 1. 0.]
 [0. 0. 1. ... 1. 0. 0.]
 [0. 1. 1. ... 1. 1. 0.]]
Fitness
[90.69767442 90.69767442 90.69767442 90.69767442 90.69767442 90.69767442
 90.69767442 90.69767442 90.69767442 90.69767442]
90.69767441860465
Best fitness so far :  90.69767441860465
Parents
[[0. 1. 1. ... 1. 1. 0.]
 [0. 0. 1. ... 1. 0. 0.]]
Crossover
[[0. 0. 1. ... 1. 0. 0.]
 [0. 1. 1. ... 1. 1. 0.]
 [0. 0. 1. ... 1. 0. 0.]
 ...
 [0. 1. 1. ... 1. 1. 0.]
 [0. 0. 1. ... 1. 0. 0.]
 [0. 1. 1. ... 1. 1. 0.]]
Mutation
[[0. 0. 1. ... 1. 0. 1.]
 [0. 1. 1. ... 1. 1. 1.]
 [0. 0. 1. ... 1. 0. 1.]
 ...
 [0. 1. 1. ... 1. 1. 1.]
 [0. 0. 1. ... 1. 0. 1.]
 [0. 1. 1. ... 1. 1. 1.]]
Fitness
[90.69767442 90.69767442 90.69767442 88.37209302 90.69767442 88.37209302
 90.69767442 88.37209302 90.69767442 88.37209302]
90.69767441860465
Best fitness so far :  90.69767441860465
Parents
[[0. 1. 1. ... 1. 1. 0.]
 [0. 0. 1. ... 1. 0. 0.]]
Crossover
[[0. 0. 1. ... 1. 0. 0.]
 [0. 1. 1. ... 1. 1. 0.]
 [0. 0. 1. ... 1. 0. 0.]
 ...
 [0. 1. 1. ... 1. 1. 0.]
 [0. 0. 1. ... 1. 0. 0.]
 [0. 1. 1. ... 1. 1. 0.]]
Mutation
[[0. 0. 1. ... 1. 0. 0.]
 [0. 1. 1. ... 1. 1. 0.]
 [0. 0. 1. ... 1. 0. 0.]
 ...
 [0. 1. 1. ... 1. 1. 0.]
 [0. 0. 1. ... 1. 0. 0.]
 [0. 1. 1. ... 1. 1. 0.]]
Fitness
[90.69767442 90.69767442 88.37209302 90.69767442 88.37209302 90.69767442
 88.37209302 90.69767442 88.37209302 90.69767442]
90.69767441860465
Best fitness so far :  90.69767441860465
Parents
[[0. 1. 1. ... 1. 1. 0.]
 [0. 0. 1. ... 1. 0. 0.]]
Crossover
[[0. 0. 1. ... 1. 0. 0.]
 [0. 1. 1. ... 1. 1. 0.]
 [0. 0. 1. ... 1. 0. 0.]
 ...
 [0. 1. 1. ... 1. 1. 0.]
 [0. 0. 1. ... 1. 0. 0.]
 [0. 1. 1. ... 1. 1. 0.]]
Mutation
[[0. 0. 1. ... 1. 0. 0.]
 [0. 1. 1. ... 1. 1. 0.]
 [0. 0. 1. ... 1. 0. 0.]
 ...
 [0. 1. 1. ... 1. 1. 0.]
 [0. 0. 1. ... 1. 0. 0.]
 [0. 1. 1. ... 1. 1. 0.]]
Fitness
[90.69767442 90.69767442 88.37209302 88.37209302 88.37209302 88.37209302
 88.37209302 88.37209302 88.37209302 88.37209302]
90.69767441860465
Best fitness so far :  90.69767441860465
Parents
[[0. 1. 1. ... 1. 1. 0.]
 [0. 0. 1. ... 1. 0. 0.]]
Crossover
[[0. 0. 1. ... 1. 0. 0.]
 [0. 1. 1. ... 1. 1. 0.]
 [0. 0. 1. ... 1. 0. 0.]
 ...
 [0. 1. 1. ... 1. 1. 0.]
 [0. 0. 1. ... 1. 0. 0.]
 [0. 1. 1. ... 1. 1. 0.]]
Mutation
[[0. 1. 1. ... 1. 0. 0.]
 [0. 0. 1. ... 1. 1. 0.]
 [0. 1. 1. ... 1. 0. 0.]
 ...
 [0. 0. 1. ... 1. 1. 0.]
 [0. 1. 1. ... 1. 0. 0.]
 [0. 0. 1. ... 1. 1. 0.]]
Fitness
[90.69767442 90.69767442 88.37209302 88.37209302 88.37209302 88.37209302
 88.37209302 88.37209302 88.37209302 88.37209302]
90.69767441860465
Best fitness so far :  90.69767441860465
Parents
[[0. 1. 1. ... 1. 1. 0.]
 [0. 0. 1. ... 1. 0. 0.]]
Crossover
[[0. 0. 1. ... 1. 0. 0.]
 [0. 1. 1. ... 1. 1. 0.]
 [0. 0. 1. ... 1. 0. 0.]
 ...
 [0. 1. 1. ... 1. 1. 0.]
 [0. 0. 1. ... 1. 0. 0.]
 [0. 1. 1. ... 1. 1. 0.]]
Mutation
[[0. 0. 1. ... 1. 0. 1.]
 [0. 1. 1. ... 1. 1. 1.]
 [0. 0. 1. ... 1. 0. 1.]
 ...
 [0. 1. 1. ... 1. 1. 1.]
 [0. 0. 1. ... 1. 0. 1.]
 [0. 1. 1. ... 1. 1. 1.]]
Fitness
[90.69767442 90.69767442 90.69767442 90.69767442 90.69767442 90.69767442
 90.69767442 90.69767442 90.69767442 90.69767442]
90.69767441860465
Best fitness so far :  90.69767441860465
Parents
[[0. 1. 1. ... 1. 1. 0.]
 [0. 0. 1. ... 1. 0. 0.]]
Crossover
[[0. 0. 1. ... 1. 0. 0.]
 [0. 1. 1. ... 1. 1. 0.]
 [0. 0. 1. ... 1. 0. 0.]
 ...
 [0. 1. 1. ... 1. 1. 0.]
 [0. 0. 1. ... 1. 0. 0.]
 [0. 1. 1. ... 1. 1. 0.]]
Mutation
[[0. 0. 1. ... 1. 0. 0.]
 [0. 1. 1. ... 1. 1. 0.]
 [0. 0. 1. ... 1. 0. 0.]
 ...
 [0. 1. 1. ... 1. 1. 0.]
 [0. 0. 1. ... 1. 0. 0.]
 [0. 1. 1. ... 1. 1. 0.]]
Fitness
[90.69767442 90.69767442 90.69767442 90.69767442 90.69767442 90.69767442
 90.69767442 90.69767442 90.69767442 90.69767442]
90.69767441860465
Best fitness so far :  90.69767441860465
Parents
[[0. 1. 1. ... 1. 1. 0.]
 [0. 0. 1. ... 1. 0. 0.]]
Crossover
[[0. 0. 1. ... 1. 0. 0.]
 [0. 1. 1. ... 1. 1. 0.]
 [0. 0. 1. ... 1. 0. 0.]
 ...
 [0. 1. 1. ... 1. 1. 0.]
 [0. 0. 1. ... 1. 0. 0.]
 [0. 1. 1. ... 1. 1. 0.]]
Mutation
[[0. 0. 1. ... 1. 1. 0.]
 [0. 1. 1. ... 1. 0. 0.]
 [0. 0. 1. ... 1. 1. 0.]
 ...
 [0. 1. 1. ... 1. 0. 0.]
 [0. 0. 1. ... 1. 1. 0.]
 [0. 1. 1. ... 1. 0. 0.]]
Fitness
[90.69767442 90.69767442 90.69767442 90.69767442 90.69767442 90.69767442
 90.69767442 90.69767442 90.69767442 90.69767442]
90.69767441860465
Best fitness so far :  90.69767441860465
Parents
[[0. 1. 1. ... 1. 1. 0.]
 [0. 0. 1. ... 1. 0. 0.]]
Crossover
[[0. 0. 1. ... 1. 0. 0.]
 [0. 1. 1. ... 1. 1. 0.]
 [0. 0. 1. ... 1. 0. 0.]
 ...
 [0. 1. 1. ... 1. 1. 0.]
 [0. 0. 1. ... 1. 0. 0.]
 [0. 1. 1. ... 1. 1. 0.]]
Mutation
[[0. 0. 1. ... 0. 0. 0.]
 [0. 1. 1. ... 0. 1. 0.]
 [0. 0. 1. ... 0. 0. 0.]
 ...
 [0. 1. 1. ... 0. 1. 0.]
 [0. 0. 1. ... 0. 0. 0.]
 [0. 1. 1. ... 0. 1. 0.]]
Fitness
[90.69767442 90.69767442 90.69767442 90.69767442 90.69767442 90.69767442
 90.69767442 90.69767442 90.69767442 90.69767442]
90.69767441860465
Best fitness so far :  90.69767441860465
Parents
[[0. 1. 1. ... 1. 1. 0.]
 [0. 0. 1. ... 1. 0. 0.]]
Crossover
[[0. 0. 1. ... 1. 0. 0.]
 [0. 1. 1. ... 1. 1. 0.]
 [0. 0. 1. ... 1. 0. 0.]
 ...
 [0. 1. 1. ... 1. 1. 0.]
 [0. 0. 1. ... 1. 0. 0.]
 [0. 1. 1. ... 1. 1. 0.]]
Mutation
[[0. 0. 1. ... 1. 0. 0.]
 [0. 1. 1. ... 1. 1. 0.]
 [0. 0. 1. ... 1. 0. 0.]
 ...
 [0. 1. 1. ... 1. 1. 0.]
 [0. 0. 1. ... 1. 0. 0.]
 [0. 1. 1. ... 1. 1. 0.]]
Fitness
[90.69767442 90.69767442 90.69767442 88.37209302 90.69767442 88.37209302
 90.69767442 88.37209302 90.69767442 88.37209302]
90.69767441860465
Best fitness so far :  90.69767441860465
Parents
[[0. 1. 1. ... 1. 1. 0.]
 [0. 0. 1. ... 1. 0. 0.]]
Crossover
[[0. 0. 1. ... 1. 0. 0.]
 [0. 1. 1. ... 1. 1. 0.]
 [0. 0. 1. ... 1. 0. 0.]
 ...
 [0. 1. 1. ... 1. 1. 0.]
 [0. 0. 1. ... 1. 0. 0.]
 [0. 1. 1. ... 1. 1. 0.]]
Mutation
[[0. 0. 1. ... 0. 0. 0.]
 [0. 1. 1. ... 0. 1. 0.]
 [0. 0. 1. ... 0. 0. 0.]
 ...
 [0. 1. 1. ... 0. 1. 0.]
 [0. 0. 1. ... 0. 0. 0.]
 [0. 1. 1. ... 0. 1. 0.]]
Fitness
[90.69767442 90.69767442 88.37209302 88.37209302 88.37209302 88.37209302
 88.37209302 88.37209302 88.37209302 88.37209302]
90.69767441860465
Best fitness so far :  90.69767441860465
Parents
[[0. 1. 1. ... 1. 1. 0.]
 [0. 0. 1. ... 1. 0. 0.]]
Crossover
[[0. 0. 1. ... 1. 0. 0.]
 [0. 1. 1. ... 1. 1. 0.]
 [0. 0. 1. ... 1. 0. 0.]
 ...
 [0. 1. 1. ... 1. 1. 0.]
 [0. 0. 1. ... 1. 0. 0.]
 [0. 1. 1. ... 1. 1. 0.]]
Mutation
[[0. 0. 1. ... 0. 0. 0.]
 [0. 1. 1. ... 0. 1. 0.]
 [0. 0. 1. ... 0. 0. 0.]
 ...
 [0. 1. 1. ... 0. 1. 0.]
 [0. 0. 1. ... 0. 0. 0.]
 [0. 1. 1. ... 0. 1. 0.]]
Fitness
[90.69767442 90.69767442 83.72093023 88.37209302 83.72093023 88.37209302
 83.72093023 88.37209302 83.72093023 88.37209302]
90.69767441860465
Best fitness so far :  90.69767441860465
Parents
[[0. 1. 1. ... 1. 1. 0.]
 [0. 0. 1. ... 1. 0. 0.]]
Crossover
[[0. 0. 1. ... 1. 0. 0.]
 [0. 1. 1. ... 1. 1. 0.]
 [0. 0. 1. ... 1. 0. 0.]
 ...
 [0. 1. 1. ... 1. 1. 0.]
 [0. 0. 1. ... 1. 0. 0.]
 [0. 1. 1. ... 1. 1. 0.]]
Mutation
[[0. 0. 1. ... 1. 0. 0.]
 [0. 1. 1. ... 1. 1. 0.]
 [0. 0. 1. ... 1. 0. 0.]
 ...
 [0. 1. 1. ... 1. 1. 0.]
 [0. 0. 1. ... 1. 0. 0.]
 [0. 1. 1. ... 1. 1. 0.]]
Fitness
[90.69767442 90.69767442 90.69767442 90.69767442 90.69767442 90.69767442
 90.69767442 90.69767442 90.69767442 90.69767442]
90.69767441860465
Best fitness so far :  90.69767441860465
Parents
[[0. 1. 1. ... 1. 1. 0.]
 [0. 0. 1. ... 1. 0. 0.]]
Crossover
[[0. 0. 1. ... 1. 0. 0.]
 [0. 1. 1. ... 1. 1. 0.]
 [0. 0. 1. ... 1. 0. 0.]
 ...
 [0. 1. 1. ... 1. 1. 0.]
 [0. 0. 1. ... 1. 0. 0.]
 [0. 1. 1. ... 1. 1. 0.]]
Mutation
[[0. 0. 1. ... 1. 0. 0.]
 [0. 1. 1. ... 1. 1. 0.]
 [0. 0. 1. ... 1. 0. 0.]
 ...
 [0. 1. 1. ... 1. 1. 0.]
 [0. 0. 1. ... 1. 0. 0.]
 [0. 1. 1. ... 1. 1. 0.]]
Fitness
[90.69767442 90.69767442 90.69767442 90.69767442 90.69767442 90.69767442
 90.69767442 90.69767442 90.69767442 90.69767442]
90.69767441860465
Best fitness so far :  90.69767441860465
Parents
[[0. 1. 1. ... 1. 1. 0.]
 [0. 0. 1. ... 1. 0. 0.]]
Crossover
[[0. 0. 1. ... 1. 0. 0.]
 [0. 1. 1. ... 1. 1. 0.]
 [0. 0. 1. ... 1. 0. 0.]
 ...
 [0. 1. 1. ... 1. 1. 0.]
 [0. 0. 1. ... 1. 0. 0.]
 [0. 1. 1. ... 1. 1. 0.]]
Mutation
[[0. 0. 1. ... 1. 0. 0.]
 [0. 1. 1. ... 1. 1. 0.]
 [0. 0. 1. ... 1. 0. 0.]
 ...
 [0. 1. 1. ... 1. 1. 0.]
 [0. 0. 1. ... 1. 0. 0.]
 [0. 1. 1. ... 1. 1. 0.]]
Fitness
[90.69767442 90.69767442 90.69767442 90.69767442 90.69767442 90.69767442
 90.69767442 90.69767442 90.69767442 90.69767442]
90.69767441860465
Best fitness so far :  90.69767441860465
Parents
[[0. 1. 1. ... 1. 1. 0.]
 [0. 0. 1. ... 1. 0. 0.]]
Crossover
[[0. 0. 1. ... 1. 0. 0.]
 [0. 1. 1. ... 1. 1. 0.]
 [0. 0. 1. ... 1. 0. 0.]
 ...
 [0. 1. 1. ... 1. 1. 0.]
 [0. 0. 1. ... 1. 0. 0.]
 [0. 1. 1. ... 1. 1. 0.]]
Mutation
[[0. 0. 1. ... 1. 0. 0.]
 [0. 1. 1. ... 1. 1. 0.]
 [0. 0. 1. ... 1. 0. 0.]
 ...
 [0. 1. 1. ... 1. 1. 0.]
 [0. 0. 1. ... 1. 0. 0.]
 [0. 1. 1. ... 1. 1. 0.]]
Fitness
[90.69767442 90.69767442 90.69767442 88.37209302 90.69767442 88.37209302
 90.69767442 88.37209302 90.69767442 88.37209302]
90.69767441860465
Best fitness so far :  90.69767441860465
Parents
[[0. 1. 1. ... 1. 1. 0.]
 [0. 0. 1. ... 1. 0. 0.]]
Crossover
[[0. 0. 1. ... 1. 0. 0.]
 [0. 1. 1. ... 1. 1. 0.]
 [0. 0. 1. ... 1. 0. 0.]
 ...
 [0. 1. 1. ... 1. 1. 0.]
 [0. 0. 1. ... 1. 0. 0.]
 [0. 1. 1. ... 1. 1. 0.]]
Mutation
[[0. 0. 1. ... 1. 1. 0.]
 [0. 1. 1. ... 1. 0. 0.]
 [0. 0. 1. ... 1. 1. 0.]
 ...
 [0. 1. 1. ... 1. 0. 0.]
 [0. 0. 1. ... 1. 1. 0.]
 [0. 1. 1. ... 1. 0. 0.]]
Fitness
[90.69767442 90.69767442 90.69767442 88.37209302 90.69767442 88.37209302
 90.69767442 88.37209302 90.69767442 88.37209302]
90.69767441860465
Best fitness so far :  90.69767441860465
Parents
[[0. 1. 1. ... 1. 1. 0.]
 [0. 0. 1. ... 1. 0. 0.]]
Crossover
[[0. 0. 1. ... 1. 0. 0.]
 [0. 1. 1. ... 1. 1. 0.]
 [0. 0. 1. ... 1. 0. 0.]
 ...
 [0. 1. 1. ... 1. 1. 0.]
 [0. 0. 1. ... 1. 0. 0.]
 [0. 1. 1. ... 1. 1. 0.]]
Mutation
[[0. 0. 1. ... 1. 0. 0.]
 [0. 1. 1. ... 1. 1. 0.]
 [0. 0. 1. ... 1. 0. 0.]
 ...
 [0. 1. 1. ... 1. 1. 0.]
 [0. 0. 1. ... 1. 0. 0.]
 [0. 1. 1. ... 1. 1. 0.]]
Fitness
[90.69767442 90.69767442 88.37209302 88.37209302 88.37209302 88.37209302
 88.37209302 88.37209302 88.37209302 88.37209302]
90.69767441860465
Best fitness so far :  90.69767441860465
Parents
[[0. 1. 1. ... 1. 1. 0.]
 [0. 0. 1. ... 1. 0. 0.]]
Crossover
[[0. 0. 1. ... 1. 0. 0.]
 [0. 1. 1. ... 1. 1. 0.]
 [0. 0. 1. ... 1. 0. 0.]
 ...
 [0. 1. 1. ... 1. 1. 0.]
 [0. 0. 1. ... 1. 0. 0.]
 [0. 1. 1. ... 1. 1. 0.]]
Mutation
[[0. 0. 1. ... 1. 1. 0.]
 [0. 1. 1. ... 1. 0. 0.]
 [0. 0. 1. ... 1. 1. 0.]
 ...
 [0. 1. 1. ... 1. 0. 0.]
 [0. 0. 1. ... 1. 1. 0.]
 [0. 1. 1. ... 1. 0. 0.]]
Fitness
[90.69767442 90.69767442 88.37209302 90.69767442 88.37209302 90.69767442
 88.37209302 90.69767442 88.37209302 90.69767442]
90.69767441860465
Best fitness so far :  90.69767441860465
Parents
[[0. 1. 1. ... 1. 1. 0.]
 [0. 0. 1. ... 1. 0. 0.]]
Crossover
[[0. 0. 1. ... 1. 0. 0.]
 [0. 1. 1. ... 1. 1. 0.]
 [0. 0. 1. ... 1. 0. 0.]
 ...
 [0. 1. 1. ... 1. 1. 0.]
 [0. 0. 1. ... 1. 0. 0.]
 [0. 1. 1. ... 1. 1. 0.]]
Mutation
[[0. 0. 1. ... 1. 0. 0.]
 [0. 1. 1. ... 1. 1. 0.]
 [0. 0. 1. ... 1. 0. 0.]
 ...
 [0. 1. 1. ... 1. 1. 0.]
 [0. 0. 1. ... 1. 0. 0.]
 [0. 1. 1. ... 1. 1. 0.]]
Fitness
[90.69767442 90.69767442 90.69767442 90.69767442 90.69767442 90.69767442
 90.69767442 90.69767442 90.69767442 90.69767442]
90.69767441860465
Best fitness so far :  90.69767441860465
Parents
[[0. 1. 1. ... 1. 1. 0.]
 [0. 0. 1. ... 1. 0. 0.]]
Crossover
[[0. 0. 1. ... 1. 0. 0.]
 [0. 1. 1. ... 1. 1. 0.]
 [0. 0. 1. ... 1. 0. 0.]
 ...
 [0. 1. 1. ... 1. 1. 0.]
 [0. 0. 1. ... 1. 0. 0.]
 [0. 1. 1. ... 1. 1. 0.]]
Mutation
[[0. 0. 1. ... 1. 1. 0.]
 [0. 1. 1. ... 1. 0. 0.]
 [0. 0. 1. ... 1. 1. 0.]
 ...
 [0. 1. 1. ... 1. 0. 0.]
 [0. 0. 1. ... 1. 1. 0.]
 [0. 1. 1. ... 1. 0. 0.]]
Fitness
[90.69767442 90.69767442 88.37209302 90.69767442 88.37209302 90.69767442
 88.37209302 90.69767442 88.37209302 90.69767442]
90.69767441860465
Best fitness so far :  90.69767441860465
Parents
[[0. 1. 1. ... 1. 1. 0.]
 [0. 0. 1. ... 1. 0. 0.]]
Crossover
[[0. 0. 1. ... 1. 0. 0.]
 [0. 1. 1. ... 1. 1. 0.]
 [0. 0. 1. ... 1. 0. 0.]
 ...
 [0. 1. 1. ... 1. 1. 0.]
 [0. 0. 1. ... 1. 0. 0.]
 [0. 1. 1. ... 1. 1. 0.]]
Mutation
[[0. 0. 1. ... 1. 0. 1.]
 [0. 1. 1. ... 1. 1. 1.]
 [0. 0. 1. ... 1. 0. 1.]
 ...
 [0. 1. 1. ... 1. 1. 1.]
 [0. 0. 1. ... 1. 0. 1.]
 [0. 1. 1. ... 1. 1. 1.]]
Fitness
[90.69767442 90.69767442 90.69767442 88.37209302 90.69767442 88.37209302
 90.69767442 88.37209302 90.69767442 88.37209302]
90.69767441860465
Best fitness so far :  90.69767441860465
Parents
[[0. 1. 1. ... 1. 1. 0.]
 [0. 0. 1. ... 1. 0. 0.]]
Crossover
[[0. 0. 1. ... 1. 0. 0.]
 [0. 1. 1. ... 1. 1. 0.]
 [0. 0. 1. ... 1. 0. 0.]
 ...
 [0. 1. 1. ... 1. 1. 0.]
 [0. 0. 1. ... 1. 0. 0.]
 [0. 1. 1. ... 1. 1. 0.]]
Mutation
[[1. 0. 0. ... 1. 0. 1.]
 [1. 1. 0. ... 1. 1. 1.]
 [1. 0. 0. ... 1. 0. 1.]
 ...
 [1. 1. 0. ... 1. 1. 1.]
 [1. 0. 0. ... 1. 0. 1.]
 [1. 1. 0. ... 1. 1. 1.]]
Fitness
[90.69767442 90.69767442 90.69767442 88.37209302 90.69767442 88.37209302
 90.69767442 88.37209302 90.69767442 88.37209302]
90.69767441860465
Best fitness so far :  90.69767441860465
Parents
[[0. 1. 1. ... 1. 1. 0.]
 [0. 0. 1. ... 1. 0. 0.]]
Crossover
[[0. 0. 1. ... 1. 0. 0.]
 [0. 1. 1. ... 1. 1. 0.]
 [0. 0. 1. ... 1. 0. 0.]
 ...
 [0. 1. 1. ... 1. 1. 0.]
 [0. 0. 1. ... 1. 0. 0.]
 [0. 1. 1. ... 1. 1. 0.]]
Mutation
[[0. 0. 0. ... 1. 0. 0.]
 [0. 1. 0. ... 1. 1. 0.]
 [0. 0. 0. ... 1. 0. 0.]
 ...
 [0. 1. 0. ... 1. 1. 0.]
 [0. 0. 0. ... 1. 0. 0.]
 [0. 1. 0. ... 1. 1. 0.]]
Fitness
[90.69767442 90.69767442 90.69767442 90.69767442 90.69767442 90.69767442
 90.69767442 90.69767442 90.69767442 90.69767442]
90.69767441860465
Best fitness so far :  90.69767441860465
Parents
[[0. 1. 1. ... 1. 1. 0.]
 [0. 0. 1. ... 1. 0. 0.]]
Crossover
[[0. 0. 1. ... 1. 0. 0.]
 [0. 1. 1. ... 1. 1. 0.]
 [0. 0. 1. ... 1. 0. 0.]
 ...
 [0. 1. 1. ... 1. 1. 0.]
 [0. 0. 1. ... 1. 0. 0.]
 [0. 1. 1. ... 1. 1. 0.]]
Mutation
[[0. 0. 1. ... 1. 0. 0.]
 [0. 1. 1. ... 1. 1. 0.]
 [0. 0. 1. ... 1. 0. 0.]
 ...
 [0. 1. 1. ... 1. 1. 0.]
 [0. 0. 1. ... 1. 0. 0.]
 [0. 1. 1. ... 1. 1. 0.]]
Fitness
[90.69767442 90.69767442 88.37209302 88.37209302 88.37209302 88.37209302
 88.37209302 88.37209302 88.37209302 88.37209302]
90.69767441860465
Best fitness so far :  90.69767441860465
Parents
[[0. 1. 1. ... 1. 1. 0.]
 [0. 0. 1. ... 1. 0. 0.]]
Crossover
[[0. 0. 1. ... 1. 0. 0.]
 [0. 1. 1. ... 1. 1. 0.]
 [0. 0. 1. ... 1. 0. 0.]
 ...
 [0. 1. 1. ... 1. 1. 0.]
 [0. 0. 1. ... 1. 0. 0.]
 [0. 1. 1. ... 1. 1. 0.]]
Mutation
[[0. 0. 1. ... 1. 0. 0.]
 [0. 1. 1. ... 1. 1. 0.]
 [0. 0. 1. ... 1. 0. 0.]
 ...
 [0. 1. 1. ... 1. 1. 0.]
 [0. 0. 1. ... 1. 0. 0.]
 [0. 1. 1. ... 1. 1. 0.]]
Fitness
[90.69767442 90.69767442 86.04651163 86.04651163 86.04651163 86.04651163
 86.04651163 86.04651163 86.04651163 86.04651163]
90.69767441860465
Best fitness so far :  90.69767441860465
Parents
[[0. 1. 1. ... 1. 1. 0.]
 [0. 0. 1. ... 1. 0. 0.]]
Crossover
[[0. 0. 1. ... 1. 0. 0.]
 [0. 1. 1. ... 1. 1. 0.]
 [0. 0. 1. ... 1. 0. 0.]
 ...
 [0. 1. 1. ... 1. 1. 0.]
 [0. 0. 1. ... 1. 0. 0.]
 [0. 1. 1. ... 1. 1. 0.]]
Mutation
[[0. 0. 1. ... 1. 0. 0.]
 [0. 1. 1. ... 1. 1. 0.]
 [0. 0. 1. ... 1. 0. 0.]
 ...
 [0. 1. 1. ... 1. 1. 0.]
 [0. 0. 1. ... 1. 0. 0.]
 [0. 1. 1. ... 1. 1. 0.]]
Fitness
[90.69767442 90.69767442 86.04651163 88.37209302 86.04651163 88.37209302
 86.04651163 88.37209302 86.04651163 88.37209302]
90.69767441860465
Best fitness so far :  90.69767441860465
Parents
[[0. 1. 1. ... 1. 1. 0.]
 [0. 0. 1. ... 1. 0. 0.]]
Crossover
[[0. 0. 1. ... 1. 0. 0.]
 [0. 1. 1. ... 1. 1. 0.]
 [0. 0. 1. ... 1. 0. 0.]
 ...
 [0. 1. 1. ... 1. 1. 0.]
 [0. 0. 1. ... 1. 0. 0.]
 [0. 1. 1. ... 1. 1. 0.]]
Mutation
[[0. 0. 0. ... 1. 1. 0.]
 [0. 1. 0. ... 1. 0. 0.]
 [0. 0. 0. ... 1. 1. 0.]
 ...
 [0. 1. 0. ... 1. 0. 0.]
 [0. 0. 0. ... 1. 1. 0.]
 [0. 1. 0. ... 1. 0. 0.]]
Fitness
[90.69767442 90.69767442 86.04651163 86.04651163 86.04651163 86.04651163
 86.04651163 86.04651163 86.04651163 86.04651163]
90.69767441860465
Best fitness so far :  90.69767441860465
Parents
[[0. 1. 1. ... 1. 1. 0.]
 [0. 0. 1. ... 1. 0. 0.]]
Crossover
[[0. 0. 1. ... 1. 0. 0.]
 [0. 1. 1. ... 1. 1. 0.]
 [0. 0. 1. ... 1. 0. 0.]
 ...
 [0. 1. 1. ... 1. 1. 0.]
 [0. 0. 1. ... 1. 0. 0.]
 [0. 1. 1. ... 1. 1. 0.]]
Mutation
[[1. 0. 1. ... 1. 0. 0.]
 [1. 1. 1. ... 1. 1. 0.]
 [1. 0. 1. ... 1. 0. 0.]
 ...
 [1. 1. 1. ... 1. 1. 0.]
 [1. 0. 1. ... 1. 0. 0.]
 [1. 1. 1. ... 1. 1. 0.]]
Fitness
[90.69767442 90.69767442 86.04651163 88.37209302 86.04651163 88.37209302
 86.04651163 88.37209302 86.04651163 88.37209302]
90.69767441860465
Best fitness so far :  90.69767441860465
Parents
[[0. 1. 1. ... 1. 1. 0.]
 [0. 0. 1. ... 1. 0. 0.]]
Crossover
[[0. 0. 1. ... 1. 0. 0.]
 [0. 1. 1. ... 1. 1. 0.]
 [0. 0. 1. ... 1. 0. 0.]
 ...
 [0. 1. 1. ... 1. 1. 0.]
 [0. 0. 1. ... 1. 0. 0.]
 [0. 1. 1. ... 1. 1. 0.]]
Mutation
[[0. 0. 1. ... 1. 0. 0.]
 [0. 1. 1. ... 1. 1. 0.]
 [0. 0. 1. ... 1. 0. 0.]
 ...
 [0. 1. 1. ... 1. 1. 0.]
 [0. 0. 1. ... 1. 0. 0.]
 [0. 1. 1. ... 1. 1. 0.]]
Fitness
[90.69767442 90.69767442 90.69767442 90.69767442 90.69767442 90.69767442
 90.69767442 90.69767442 90.69767442 90.69767442]
90.69767441860465
Best fitness so far :  90.69767441860465
Parents
[[0. 1. 1. ... 1. 1. 0.]
 [0. 0. 1. ... 1. 0. 0.]]
Crossover
[[0. 0. 1. ... 1. 0. 0.]
 [0. 1. 1. ... 1. 1. 0.]
 [0. 0. 1. ... 1. 0. 0.]
 ...
 [0. 1. 1. ... 1. 1. 0.]
 [0. 0. 1. ... 1. 0. 0.]
 [0. 1. 1. ... 1. 1. 0.]]
Mutation
[[0. 0. 1. ... 1. 0. 0.]
 [0. 1. 1. ... 1. 1. 0.]
 [0. 0. 1. ... 1. 0. 0.]
 ...
 [0. 1. 1. ... 1. 1. 0.]
 [0. 0. 1. ... 1. 0. 0.]
 [0. 1. 1. ... 1. 1. 0.]]
Fitness
[90.69767442 90.69767442 90.69767442 90.69767442 90.69767442 90.69767442
 90.69767442 90.69767442 90.69767442 90.69767442]
90.69767441860465
Best fitness so far :  90.69767441860465
Parents
[[0. 1. 1. ... 1. 1. 0.]
 [0. 0. 1. ... 1. 0. 0.]]
Crossover
[[0. 0. 1. ... 1. 0. 0.]
 [0. 1. 1. ... 1. 1. 0.]
 [0. 0. 1. ... 1. 0. 0.]
 ...
 [0. 1. 1. ... 1. 1. 0.]
 [0. 0. 1. ... 1. 0. 0.]
 [0. 1. 1. ... 1. 1. 0.]]
Mutation
[[0. 0. 0. ... 1. 0. 0.]
 [0. 1. 0. ... 1. 1. 0.]
 [0. 0. 0. ... 1. 0. 0.]
 ...
 [0. 1. 0. ... 1. 1. 0.]
 [0. 0. 0. ... 1. 0. 0.]
 [0. 1. 0. ... 1. 1. 0.]]
Fitness
[90.69767442 90.69767442 90.69767442 90.69767442 90.69767442 90.69767442
 90.69767442 90.69767442 90.69767442 90.69767442]
90.69767441860465
Best fitness so far :  90.69767441860465
Parents
[[0. 1. 1. ... 1. 1. 0.]
 [0. 0. 1. ... 1. 0. 0.]]
Crossover
[[0. 0. 1. ... 1. 0. 0.]
 [0. 1. 1. ... 1. 1. 0.]
 [0. 0. 1. ... 1. 0. 0.]
 ...
 [0. 1. 1. ... 1. 1. 0.]
 [0. 0. 1. ... 1. 0. 0.]
 [0. 1. 1. ... 1. 1. 0.]]
Mutation
[[0. 0. 1. ... 1. 0. 0.]
 [0. 1. 1. ... 1. 1. 0.]
 [0. 0. 1. ... 1. 0. 0.]
 ...
 [0. 1. 1. ... 1. 1. 0.]
 [0. 0. 1. ... 1. 0. 0.]
 [0. 1. 1. ... 1. 1. 0.]]
Fitness
[90.69767442 90.69767442 86.04651163 88.37209302 86.04651163 88.37209302
 86.04651163 88.37209302 86.04651163 88.37209302]
90.69767441860465
Best fitness so far :  90.69767441860465
Parents
[[0. 1. 1. ... 1. 1. 0.]
 [0. 0. 1. ... 1. 0. 0.]]
Crossover
[[0. 0. 1. ... 1. 0. 0.]
 [0. 1. 1. ... 1. 1. 0.]
 [0. 0. 1. ... 1. 0. 0.]
 ...
 [0. 1. 1. ... 1. 1. 0.]
 [0. 0. 1. ... 1. 0. 0.]
 [0. 1. 1. ... 1. 1. 0.]]
Mutation
[[0. 0. 1. ... 1. 0. 0.]
 [0. 1. 1. ... 1. 1. 0.]
 [0. 0. 1. ... 1. 0. 0.]
 ...
 [0. 1. 1. ... 1. 1. 0.]
 [0. 0. 1. ... 1. 0. 0.]
 [0. 1. 1. ... 1. 1. 0.]]
Fitness
[90.69767442 90.69767442 90.69767442 90.69767442 90.69767442 90.69767442
 90.69767442 90.69767442 90.69767442 90.69767442]
90.69767441860465
Best fitness so far :  90.69767441860465
Parents
[[0. 1. 1. ... 1. 1. 0.]
 [0. 0. 1. ... 1. 0. 0.]]
Crossover
[[0. 0. 1. ... 1. 0. 0.]
 [0. 1. 1. ... 1. 1. 0.]
 [0. 0. 1. ... 1. 0. 0.]
 ...
 [0. 1. 1. ... 1. 1. 0.]
 [0. 0. 1. ... 1. 0. 0.]
 [0. 1. 1. ... 1. 1. 0.]]
Mutation
[[0. 0. 0. ... 1. 0. 1.]
 [0. 1. 0. ... 1. 1. 1.]
 [0. 0. 0. ... 1. 0. 1.]
 ...
 [0. 1. 0. ... 1. 1. 1.]
 [0. 0. 0. ... 1. 0. 1.]
 [0. 1. 0. ... 1. 1. 1.]]
Fitness
[90.69767442 90.69767442 88.37209302 90.69767442 88.37209302 90.69767442
 88.37209302 90.69767442 88.37209302 90.69767442]
90.69767441860465
Best fitness so far :  90.69767441860465
Parents
[[0. 1. 1. ... 1. 1. 0.]
 [0. 0. 1. ... 1. 0. 0.]]
Crossover
[[0. 0. 1. ... 1. 0. 0.]
 [0. 1. 1. ... 1. 1. 0.]
 [0. 0. 1. ... 1. 0. 0.]
 ...
 [0. 1. 1. ... 1. 1. 0.]
 [0. 0. 1. ... 1. 0. 0.]
 [0. 1. 1. ... 1. 1. 0.]]
Mutation
[[0. 0. 1. ... 1. 0. 0.]
 [0. 1. 1. ... 1. 1. 0.]
 [0. 0. 1. ... 1. 0. 0.]
 ...
 [0. 1. 1. ... 1. 1. 0.]
 [0. 0. 1. ... 1. 0. 0.]
 [0. 1. 1. ... 1. 1. 0.]]
best_solution :  [0 1 1 0 1 0 0 1 0 1 1 0 1 1 1 1 1 1 1 0 0 1 0 0 0 0 1 0 0 1 1 1 1 0 0 1 1
 0 1 1 0 1 1 0 1 1 0 1 0 1 1 0 0 0 0 1 1 1 1 0 0 1 0 0 0 1 0 0 1 1 0 0 0 0
 1 1 1 1 1 1 0 1 0 1 0 0 0 0 1 0 0 1 0 1 1 1 0 1 0 0 0 1 1 1 0 0 1 1 0 0 0
 0 1 0 1 0 0 0 1 0 1 0 0 0 1 1 1 0 1 1 0 0 0 0 1 0 0 0 0 0 1 1 1 1 1 0 1 1
 0 0 1 1 1 0 1 1 1 0 1 0 1 0 0 0 1 1 0 1 1 0 1 0 1 0 0 0 0 0 0 0 1 1 1 0 1
 0 1 1 1 0 1 0 0 0 0 0 0 0 1 1 1 1 0 0 0 0 1 0 0 1 0 1 1 1 1 0 0 1 0 1 1 1
 1 0 0 0 1 0 0 1 0 1 0 1 0 0 0 1 0 0 0 1 0 1 1 0 1 0 1 1 0 0 0 0 1 0 0 0 1
 0 0 1 1 0 0 0 0 1 0 0 0 0 0 1 0 1 1 1 0 1 0 0 0 1 1 0 1 0 1 0 1 0 0 1 1 0
 0 1 1 1 0 0 0 1 0 0 1 0 0 1 1 0 1 0 1 1 1 0 1 1 1 0 0 1 0 0 0 0 0 0 0 1 1
 0 1 1 0 0 1 1 1 1 1 0 1 0 1 1 0 0 0 0 1 1 0 1 0 1 1 1 1 0 0 0 0 0 0 1 1 0
 1 0 0 0 0 1 0 1 0 1 1 0 0 1 1 0 0 0 0 1 1 1 1 1 1 0 1 1 0 0 0 0 1 0 0 1 1
 1 1 1 0 1 1 0 0 1 1 0 0 1 1 0 0 0 1 0 0 1 0 0 0 0 0 1 1 0 1 0 0 1 1 0 0 1
 1 0 0 1 1 1 1 1 1 0 1 0 1 0 1 1 0 1 1 1 0 0 1 1 0 0 1 0 1 0 0 0 0 0 1 1 1
 1 0 1 1 0 0 1 0 0 0 0 0 1 1 1 1 0 1 0 0 1 1 1 0 0 1 0 0 1 0 1 1 0 1 0 1 0
 0 0 0 1 1 1 0 1 1 1 0 0 1 0 0 0 0 0 0 1 1 1 1 1 1 1 1 0 0 1 1 0 0 1 0 1 1
 1 1 0 0 0 0 1 1 1 0 1 1 0 1 1 1 0 1 1 1 0 0 0 1 0 0 1 1 0 0 1 0 1 0 1 0 0
 1 0 1 1 1 1 0 0 0 0 0 0 0 1 0 1 0 0 0 0 1 0 1 0 0 1 0 0 0 0 0 1 1 0 0 0 0
 1 0 1 1 1 1 1 1 1 0 0 0 1 0 1 0 0 0 1 0 0 1 0 0 0 0 0 1 1 0 0 0 1 0 0 0 1
 1 1 1 1 0 1 0 1 1 1 1 0 1 1 1 0 1 1 1 1 0 1 1 1 1 1 0 0 0 1 1 0 0 1 1 0 1
 1 0 1 1 1 1 0]
Selected indices :  [  1   2   4   7   9  10  12  13  14  15  16  17  18  21  26  29  30  31
  32  35  36  38  39  41  42  44  45  47  49  50  55  56  57  58  61  65
  68  69  74  75  76  77  78  79  81  83  88  91  93  94  95  97 101 102
 103 106 107 112 114 118 120 124 125 126 128 129 134 140 141 142 143 144
 146 147 150 151 152 154 155 156 158 160 164 165 167 168 170 172 180 181
 182 184 186 187 188 190 198 199 200 201 206 209 211 212 213 214 217 219
 220 221 222 226 229 231 233 237 241 243 244 246 248 249 254 258 261 262
 267 273 275 276 277 279 283 284 286 288 290 293 294 297 298 299 303 306
 309 310 312 314 315 316 318 319 320 323 331 332 334 335 338 339 340 341
 342 344 346 347 352 353 355 357 358 359 360 367 368 370 375 377 379 380
 383 384 389 390 391 392 393 394 396 397 402 405 406 407 408 409 411 412
 415 416 419 420 424 427 433 434 436 439 440 443 444 447 448 449 450 451
 452 454 456 458 459 461 462 463 466 467 470 472 478 479 480 481 483 484
 487 493 494 495 496 498 501 502 503 506 509 511 512 514 516 521 522 523
 525 526 527 530 537 538 539 540 541 542 543 544 547 548 551 553 554 555
 556 561 562 563 565 566 568 569 570 572 573 574 578 581 582 585 587 589
 592 594 595 596 597 605 607 612 614 617 623 624 629 631 632 633 634 635
 636 637 641 643 647 650 656 657 661 665 666 667 668 669 671 673 674 675
 676 678 679 680 682 683 684 685 687 688 689 690 691 695 696 699 700 702
 703 705 706 707 708]
Number of selected features :  347
Best solution fitness(Training accuracy) :  90.69767441860465
Printing features in the best feature subset
0 : y_63
1 : y_60
2 : y_6
3 : y_56
4 : y_55
5 : y_52
6 : y_51
7 : y_48
8 : y_47
9 : y_45
10 : y_44
11 : y_43
12 : y_42
13 : y_41
14 : y_4
15 : y_38
16 : y_33
17 : y_32
18 : y_30
19 : y_3
20 : y_29
21 : y_28
22 : y_27
23 : y_26
24 : y_25
25 : y_20
26 : y_19
27 : y_16
28 : y_15
29 : y_13
30 : y_11
31 : x_7
32 : x_64
33 : x_63
34 : x_62
35 : x_61
36 : x_59
37 : x_57
38 : x_56
39 : x_51
40 : x_50
41 : x_48
42 : x_46
43 : x_45
44 : x_44
45 : x_43
46 : x_42
47 : x_39
48 : x_38
49 : x_36
50 : x_35
51 : x_3
52 : x_27
53 : x_24
54 : x_23
55 : x_22
56 : x_20
57 : x_2
58 : x_19
59 : x_18
60 : x_16
61 : x_14
62 : x_13
63 : x_10
64 : x_1
65 : pose_Tx
66 : pose_Ry
67 : pose_Rx
68 : p_ty
69 : p_scale
70 : p_rx
71 : p_8
72 : p_5
73 : p_33
74 : p_32
75 : p_31
76 : p_29
77 : p_27
78 : p_26
79 : p_25
80 : p_24
81 : p_23
82 : p_19
83 : p_15
84 : p_14
85 : p_1
86 : gaze_angle_y
87 : gaze_1_z
88 : gaze_0_z
89 : gaze_0_x
90 : eye_lmk_y_9
91 : eye_lmk_y_8
92 : eye_lmk_y_54
93 : eye_lmk_y_52
94 : eye_lmk_y_48
95 : eye_lmk_y_46
96 : eye_lmk_y_41
97 : eye_lmk_y_40
98 : eye_lmk_y_37
99 : eye_lmk_y_36
100 : eye_lmk_y_35
101 : eye_lmk_y_31
102 : eye_lmk_y_3
103 : eye_lmk_y_29
104 : eye_lmk_y_28
105 : eye_lmk_y_27
106 : eye_lmk_y_25
107 : eye_lmk_y_22
108 : eye_lmk_y_2
109 : eye_lmk_y_17
110 : eye_lmk_y_15
111 : eye_lmk_y_13
112 : eye_lmk_y_12
113 : eye_lmk_y_11
114 : eye_lmk_y_10
115 : eye_lmk_x_8
116 : eye_lmk_x_7
117 : eye_lmk_x_6
118 : eye_lmk_x_55
119 : eye_lmk_x_51
120 : eye_lmk_x_5
121 : eye_lmk_x_48
122 : eye_lmk_x_47
123 : eye_lmk_x_46
124 : eye_lmk_x_45
125 : eye_lmk_x_40
126 : eye_lmk_x_4
127 : eye_lmk_x_39
128 : eye_lmk_x_37
129 : eye_lmk_x_35
130 : eye_lmk_x_34
131 : eye_lmk_x_32
132 : eye_lmk_x_31
133 : eye_lmk_x_3
134 : eye_lmk_x_29
135 : eye_lmk_x_28
136 : eye_lmk_x_26
137 : eye_lmk_x_25
138 : eye_lmk_x_22
139 : eye_lmk_x_21
140 : eye_lmk_x_20
141 : eye_lmk_x_2
142 : eye_lmk_x_19
143 : eye_lmk_x_16
144 : eye_lmk_x_11
145 : eye_lmk_x_0
146 : eye_lmk_Z_9
147 : eye_lmk_Z_7
148 : eye_lmk_Z_54
149 : eye_lmk_Z_52
150 : eye_lmk_Z_50
151 : eye_lmk_Z_49
152 : eye_lmk_Z_45
153 : eye_lmk_Z_43
154 : eye_lmk_Z_42
155 : eye_lmk_Z_41
156 : eye_lmk_Z_39
157 : eye_lmk_Z_33
158 : eye_lmk_Z_3
159 : eye_lmk_Z_28
160 : eye_lmk_Z_27
161 : eye_lmk_Z_24
162 : eye_lmk_Z_20
163 : eye_lmk_Z_15
164 : eye_lmk_Z_14
165 : eye_lmk_Z_12
166 : eye_lmk_Z_10
167 : eye_lmk_Y_9
168 : eye_lmk_Y_8
169 : eye_lmk_Y_6
170 : eye_lmk_Y_55
171 : eye_lmk_Y_53
172 : eye_lmk_Y_51
173 : eye_lmk_Y_48
174 : eye_lmk_Y_44
175 : eye_lmk_Y_43
176 : eye_lmk_Y_42
177 : eye_lmk_Y_41
178 : eye_lmk_Y_4
179 : eye_lmk_Y_39
180 : eye_lmk_Y_36
181 : eye_lmk_Y_35
182 : eye_lmk_Y_34
183 : eye_lmk_Y_33
184 : eye_lmk_Y_31
185 : eye_lmk_Y_3
186 : eye_lmk_Y_28
187 : eye_lmk_Y_23
188 : eye_lmk_Y_22
189 : eye_lmk_Y_21
190 : eye_lmk_Y_20
191 : eye_lmk_Y_2
192 : eye_lmk_Y_12
193 : eye_lmk_Y_10
194 : eye_lmk_X_7
195 : eye_lmk_X_6
196 : eye_lmk_X_50
197 : eye_lmk_X_48
198 : eye_lmk_X_46
199 : eye_lmk_X_45
200 : eye_lmk_X_43
201 : eye_lmk_X_42
202 : eye_lmk_X_4
203 : eye_lmk_X_38
204 : eye_lmk_X_36
205 : eye_lmk_X_34
206 : eye_lmk_X_33
207 : eye_lmk_X_32
208 : eye_lmk_X_30
209 : eye_lmk_X_3
210 : eye_lmk_X_29
211 : eye_lmk_X_28
212 : eye_lmk_X_25
213 : eye_lmk_X_24
214 : eye_lmk_X_22
215 : eye_lmk_X_21
216 : eye_lmk_X_20
217 : eye_lmk_X_2
218 : eye_lmk_X_19
219 : eye_lmk_X_18
220 : eye_lmk_X_12
221 : confidence
222 : Z_67
223 : Z_66
224 : Z_65
225 : Z_64
226 : Z_63
227 : Z_61
228 : Z_6
229 : Z_56
230 : Z_55
231 : Z_5
232 : Z_49
233 : Z_46
234 : Z_44
235 : Z_4
236 : Z_39
237 : Z_37
238 : Z_29
239 : Z_28
240 : Z_27
241 : Z_26
242 : Z_24
243 : Z_21
244 : Z_2
245 : Z_19
246 : Z_17
247 : Z_14
248 : Z_13
249 : Z_10
250 : Z_1
251 : Z_0
252 : Y_9
253 : Y_66
254 : Y_65
255 : Y_63
256 : Y_62
257 : Y_61
258 : Y_6
259 : Y_56
260 : Y_55
261 : Y_54
262 : Y_53
263 : Y_51
264 : Y_48
265 : Y_47
266 : Y_44
267 : Y_43
268 : Y_42
269 : Y_41
270 : Y_40
271 : Y_39
272 : Y_38
273 : Y_37
274 : Y_30
275 : Y_3
276 : Y_27
277 : Y_26
278 : Y_25
279 : Y_23
280 : Y_22
281 : Y_21
282 : Y_2
283 : Y_16
284 : Y_14
285 : Y_12
286 : Y_11
287 : Y_1
288 : X_8
289 : X_7
290 : X_66
291 : X_64
292 : X_63
293 : X_62
294 : X_61
295 : X_55
296 : X_52
297 : X_51
298 : X_49
299 : X_48
300 : X_47
301 : X_46
302 : X_40
303 : X_4
304 : X_38
305 : X_35
306 : X_34
307 : X_31
308 : X_30
309 : X_29
310 : X_27
311 : X_26
312 : X_24
313 : X_22
314 : X_20
315 : X_2
316 : X_19
317 : X_18
318 : X_17
319 : X_16
320 : X_15
321 : X_12
322 : X_11
323 : X_1
324 : AU26_r
325 : AU26_c
326 : AU25_r
327 : AU25_c
328 : AU23_r
329 : AU23_c
330 : AU20_r
331 : AU20_c
332 : AU17_r
333 : AU15_c
334 : AU14_r
335 : AU14_c
336 : AU12_r
337 : AU10_r
338 : AU10_c
339 : AU09_r
340 : AU09_c
341 : AU06_r
342 : AU05_r
343 : AU05_c
344 : AU04_r
345 : AU04_c
346 : AU01_r
[88.37209302325581, 88.37209302325581, 88.37209302325581, 88.37209302325581, 88.37209302325581, 88.37209302325581, 88.37209302325581, 88.37209302325581, 90.69767441860465, 90.69767441860465, 90.69767441860465, 90.69767441860465, 90.69767441860465, 90.69767441860465, 90.69767441860465, 90.69767441860465, 90.69767441860465, 90.69767441860465, 90.69767441860465, 90.69767441860465, 90.69767441860465, 90.69767441860465, 90.69767441860465, 90.69767441860465, 90.69767441860465, 90.69767441860465, 90.69767441860465, 90.69767441860465, 90.69767441860465, 90.69767441860465, 90.69767441860465, 90.69767441860465, 90.69767441860465, 90.69767441860465, 90.69767441860465, 90.69767441860465, 90.69767441860465, 90.69767441860465, 90.69767441860465, 90.69767441860465, 90.69767441860465, 90.69767441860465, 90.69767441860465, 90.69767441860465, 90.69767441860465, 90.69767441860465, 90.69767441860465, 90.69767441860465, 90.69767441860465, 90.69767441860465]
Testing Accuracy of the best solution is : 72.22222222222221
