Mating : rank
Crossover : two_point
Mutation : swap
Fitness
[93.02325581 81.39534884 93.02325581 90.69767442 90.69767442 90.69767442
 90.69767442 90.69767442 90.69767442 86.04651163]
93.02325581395348
Best fitness so far :  93.02325581395348
Parents
[[0. 0. 0. ... 1. 1. 1.]
 [1. 1. 1. ... 0. 1. 0.]]
Crossover
[[1. 1. 1. ... 0. 1. 0.]
 [0. 0. 0. ... 1. 1. 1.]
 [1. 1. 1. ... 0. 1. 0.]
 ...
 [0. 0. 0. ... 1. 1. 1.]
 [1. 1. 1. ... 0. 1. 0.]
 [0. 0. 0. ... 1. 1. 1.]]
Mutation
[[1. 1. 1. ... 1. 1. 1.]
 [0. 1. 0. ... 1. 1. 0.]
 [1. 1. 1. ... 1. 1. 1.]
 ...
 [0. 1. 0. ... 1. 1. 0.]
 [1. 1. 1. ... 1. 1. 1.]
 [0. 1. 0. ... 1. 1. 0.]]
Fitness
[93.02325581 93.02325581 90.69767442 90.69767442 90.69767442 90.69767442
 90.69767442 90.69767442 90.69767442 90.69767442]
93.02325581395348
Best fitness so far :  93.02325581395348
Parents
[[0. 0. 0. ... 1. 1. 1.]
 [1. 1. 1. ... 0. 1. 0.]]
Crossover
[[1. 1. 1. ... 0. 1. 0.]
 [0. 0. 0. ... 1. 1. 1.]
 [1. 1. 1. ... 0. 1. 0.]
 ...
 [0. 0. 0. ... 1. 1. 1.]
 [1. 1. 1. ... 0. 1. 0.]
 [0. 0. 0. ... 1. 1. 1.]]
Mutation
[[1. 1. 1. ... 0. 1. 0.]
 [0. 0. 0. ... 1. 1. 1.]
 [1. 1. 1. ... 0. 1. 0.]
 ...
 [0. 0. 0. ... 1. 1. 1.]
 [1. 1. 1. ... 0. 1. 0.]
 [0. 0. 0. ... 1. 1. 1.]]
Fitness
[93.02325581 93.02325581 93.02325581 93.02325581 93.02325581 93.02325581
 93.02325581 93.02325581 93.02325581 93.02325581]
93.02325581395348
Best fitness so far :  93.02325581395348
Parents
[[0. 0. 0. ... 1. 1. 1.]
 [1. 1. 1. ... 0. 1. 0.]]
Crossover
[[1. 1. 1. ... 0. 1. 0.]
 [0. 0. 0. ... 1. 1. 1.]
 [1. 1. 1. ... 0. 1. 0.]
 ...
 [0. 0. 0. ... 1. 1. 1.]
 [1. 1. 1. ... 0. 1. 0.]
 [0. 0. 0. ... 1. 1. 1.]]
Mutation
[[1. 1. 1. ... 0. 0. 0.]
 [0. 0. 0. ... 1. 1. 1.]
 [1. 1. 1. ... 0. 0. 0.]
 ...
 [0. 0. 0. ... 1. 1. 1.]
 [1. 1. 1. ... 0. 0. 0.]
 [0. 0. 0. ... 1. 1. 1.]]
Fitness
[93.02325581 93.02325581 90.69767442 93.02325581 90.69767442 93.02325581
 90.69767442 93.02325581 90.69767442 93.02325581]
93.02325581395348
Best fitness so far :  93.02325581395348
Parents
[[0. 0. 0. ... 1. 1. 1.]
 [1. 1. 1. ... 0. 1. 0.]]
Crossover
[[1. 1. 1. ... 0. 1. 0.]
 [0. 0. 0. ... 1. 1. 1.]
 [1. 1. 1. ... 0. 1. 0.]
 ...
 [0. 0. 0. ... 1. 1. 1.]
 [1. 1. 1. ... 0. 1. 0.]
 [0. 0. 0. ... 1. 1. 1.]]
Mutation
[[1. 1. 1. ... 0. 1. 0.]
 [0. 0. 1. ... 1. 1. 1.]
 [1. 1. 1. ... 0. 1. 0.]
 ...
 [0. 0. 1. ... 1. 1. 1.]
 [1. 1. 1. ... 0. 1. 0.]
 [0. 0. 1. ... 1. 1. 1.]]
Fitness
[93.02325581 93.02325581 93.02325581 93.02325581 93.02325581 93.02325581
 93.02325581 93.02325581 93.02325581 93.02325581]
93.02325581395348
Best fitness so far :  93.02325581395348
Parents
[[0. 0. 0. ... 1. 1. 1.]
 [1. 1. 1. ... 0. 1. 0.]]
Crossover
[[1. 1. 1. ... 0. 1. 0.]
 [0. 0. 0. ... 1. 1. 1.]
 [1. 1. 1. ... 0. 1. 0.]
 ...
 [0. 0. 0. ... 1. 1. 1.]
 [1. 1. 1. ... 0. 1. 0.]
 [0. 0. 0. ... 1. 1. 1.]]
Mutation
[[1. 1. 1. ... 0. 1. 0.]
 [0. 0. 0. ... 1. 1. 1.]
 [1. 1. 1. ... 0. 1. 0.]
 ...
 [0. 0. 0. ... 1. 1. 1.]
 [1. 1. 1. ... 0. 1. 0.]
 [0. 0. 0. ... 1. 1. 1.]]
Fitness
[93.02325581 93.02325581 93.02325581 93.02325581 93.02325581 93.02325581
 93.02325581 93.02325581 93.02325581 93.02325581]
93.02325581395348
Best fitness so far :  93.02325581395348
Parents
[[0. 0. 0. ... 1. 1. 1.]
 [1. 1. 1. ... 0. 1. 0.]]
Crossover
[[1. 1. 1. ... 0. 1. 0.]
 [0. 0. 0. ... 1. 1. 1.]
 [1. 1. 1. ... 0. 1. 0.]
 ...
 [0. 0. 0. ... 1. 1. 1.]
 [1. 1. 1. ... 0. 1. 0.]
 [0. 0. 0. ... 1. 1. 1.]]
Mutation
[[1. 1. 1. ... 1. 1. 0.]
 [0. 0. 0. ... 1. 1. 1.]
 [1. 1. 1. ... 1. 1. 0.]
 ...
 [0. 0. 0. ... 1. 1. 1.]
 [1. 1. 1. ... 1. 1. 0.]
 [0. 0. 0. ... 1. 1. 1.]]
Fitness
[93.02325581 93.02325581 93.02325581 93.02325581 93.02325581 93.02325581
 93.02325581 93.02325581 93.02325581 93.02325581]
93.02325581395348
Best fitness so far :  93.02325581395348
Parents
[[0. 0. 0. ... 1. 1. 1.]
 [1. 1. 1. ... 0. 1. 0.]]
Crossover
[[1. 1. 1. ... 0. 1. 0.]
 [0. 0. 0. ... 1. 1. 1.]
 [1. 1. 1. ... 0. 1. 0.]
 ...
 [0. 0. 0. ... 1. 1. 1.]
 [1. 1. 1. ... 0. 1. 0.]
 [0. 0. 0. ... 1. 1. 1.]]
Mutation
[[1. 1. 1. ... 0. 0. 0.]
 [0. 0. 0. ... 0. 0. 1.]
 [1. 1. 1. ... 0. 0. 0.]
 ...
 [0. 0. 0. ... 0. 0. 1.]
 [1. 1. 1. ... 0. 0. 0.]
 [0. 0. 0. ... 0. 0. 1.]]
Fitness
[93.02325581 93.02325581 90.69767442 93.02325581 90.69767442 93.02325581
 90.69767442 93.02325581 90.69767442 93.02325581]
93.02325581395348
Best fitness so far :  93.02325581395348
Parents
[[0. 0. 0. ... 1. 1. 1.]
 [1. 1. 1. ... 0. 1. 0.]]
Crossover
[[1. 1. 1. ... 0. 1. 0.]
 [0. 0. 0. ... 1. 1. 1.]
 [1. 1. 1. ... 0. 1. 0.]
 ...
 [0. 0. 0. ... 1. 1. 1.]
 [1. 1. 1. ... 0. 1. 0.]
 [0. 0. 0. ... 1. 1. 1.]]
Mutation
[[1. 1. 1. ... 0. 1. 0.]
 [0. 0. 0. ... 1. 1. 1.]
 [1. 1. 1. ... 0. 1. 0.]
 ...
 [0. 0. 0. ... 1. 1. 1.]
 [1. 1. 1. ... 0. 1. 0.]
 [0. 0. 0. ... 1. 1. 1.]]
Fitness
[93.02325581 93.02325581 93.02325581 93.02325581 93.02325581 93.02325581
 93.02325581 93.02325581 93.02325581 93.02325581]
93.02325581395348
Best fitness so far :  93.02325581395348
Parents
[[0. 0. 0. ... 1. 1. 1.]
 [1. 1. 1. ... 0. 1. 0.]]
Crossover
[[1. 1. 1. ... 0. 1. 0.]
 [0. 0. 0. ... 1. 1. 1.]
 [1. 1. 1. ... 0. 1. 0.]
 ...
 [0. 0. 0. ... 1. 1. 1.]
 [1. 1. 1. ... 0. 1. 0.]
 [0. 0. 0. ... 1. 1. 1.]]
Mutation
[[1. 1. 1. ... 0. 1. 0.]
 [0. 0. 0. ... 1. 1. 1.]
 [1. 1. 1. ... 0. 1. 0.]
 ...
 [0. 0. 0. ... 1. 1. 1.]
 [1. 1. 1. ... 0. 1. 0.]
 [0. 0. 0. ... 1. 1. 1.]]
Fitness
[93.02325581 93.02325581 93.02325581 93.02325581 93.02325581 93.02325581
 93.02325581 93.02325581 93.02325581 93.02325581]
93.02325581395348
Best fitness so far :  93.02325581395348
Parents
[[0. 0. 0. ... 1. 1. 1.]
 [1. 1. 1. ... 0. 1. 0.]]
Crossover
[[1. 1. 1. ... 0. 1. 0.]
 [0. 0. 0. ... 1. 1. 1.]
 [1. 1. 1. ... 0. 1. 0.]
 ...
 [0. 0. 0. ... 1. 1. 1.]
 [1. 1. 1. ... 0. 1. 0.]
 [0. 0. 0. ... 1. 1. 1.]]
Mutation
[[1. 1. 1. ... 0. 1. 0.]
 [0. 0. 0. ... 1. 1. 1.]
 [1. 1. 1. ... 0. 1. 0.]
 ...
 [0. 0. 0. ... 1. 1. 1.]
 [1. 1. 1. ... 0. 1. 0.]
 [0. 0. 0. ... 1. 1. 1.]]
Fitness
[93.02325581 93.02325581 93.02325581 93.02325581 93.02325581 93.02325581
 93.02325581 93.02325581 93.02325581 93.02325581]
93.02325581395348
Best fitness so far :  93.02325581395348
Parents
[[0. 0. 0. ... 1. 1. 1.]
 [1. 1. 1. ... 0. 1. 0.]]
Crossover
[[1. 1. 1. ... 0. 1. 0.]
 [0. 0. 0. ... 1. 1. 1.]
 [1. 1. 1. ... 0. 1. 0.]
 ...
 [0. 0. 0. ... 1. 1. 1.]
 [1. 1. 1. ... 0. 1. 0.]
 [0. 0. 0. ... 1. 1. 1.]]
Mutation
[[1. 1. 1. ... 0. 1. 0.]
 [0. 0. 0. ... 1. 1. 1.]
 [1. 1. 1. ... 0. 1. 0.]
 ...
 [0. 0. 0. ... 1. 1. 1.]
 [1. 1. 1. ... 0. 1. 0.]
 [0. 0. 0. ... 1. 1. 1.]]
Fitness
[93.02325581 93.02325581 90.69767442 93.02325581 90.69767442 93.02325581
 90.69767442 93.02325581 90.69767442 93.02325581]
93.02325581395348
Best fitness so far :  93.02325581395348
Parents
[[0. 0. 0. ... 1. 1. 1.]
 [1. 1. 1. ... 0. 1. 0.]]
Crossover
[[1. 1. 1. ... 0. 1. 0.]
 [0. 0. 0. ... 1. 1. 1.]
 [1. 1. 1. ... 0. 1. 0.]
 ...
 [0. 0. 0. ... 1. 1. 1.]
 [1. 1. 1. ... 0. 1. 0.]
 [0. 0. 0. ... 1. 1. 1.]]
Mutation
[[1. 1. 1. ... 0. 1. 0.]
 [0. 0. 0. ... 1. 1. 1.]
 [1. 1. 1. ... 0. 1. 0.]
 ...
 [0. 0. 0. ... 1. 1. 1.]
 [1. 1. 1. ... 0. 1. 0.]
 [0. 0. 0. ... 1. 1. 1.]]
Fitness
[93.02325581 93.02325581 93.02325581 93.02325581 93.02325581 93.02325581
 93.02325581 93.02325581 93.02325581 93.02325581]
93.02325581395348
Best fitness so far :  93.02325581395348
Parents
[[0. 0. 0. ... 1. 1. 1.]
 [1. 1. 1. ... 0. 1. 0.]]
Crossover
[[1. 1. 1. ... 0. 1. 0.]
 [0. 0. 0. ... 1. 1. 1.]
 [1. 1. 1. ... 0. 1. 0.]
 ...
 [0. 0. 0. ... 1. 1. 1.]
 [1. 1. 1. ... 0. 1. 0.]
 [0. 0. 0. ... 1. 1. 1.]]
Mutation
[[1. 1. 1. ... 1. 1. 0.]
 [0. 0. 0. ... 0. 1. 1.]
 [1. 1. 1. ... 1. 1. 0.]
 ...
 [0. 0. 0. ... 0. 1. 1.]
 [1. 1. 1. ... 1. 1. 0.]
 [0. 0. 0. ... 0. 1. 1.]]
Fitness
[93.02325581 93.02325581 93.02325581 90.69767442 93.02325581 90.69767442
 93.02325581 90.69767442 93.02325581 90.69767442]
93.02325581395348
Best fitness so far :  93.02325581395348
Parents
[[0. 0. 0. ... 1. 1. 1.]
 [1. 1. 1. ... 0. 1. 0.]]
Crossover
[[1. 1. 1. ... 0. 1. 0.]
 [0. 0. 0. ... 1. 1. 1.]
 [1. 1. 1. ... 0. 1. 0.]
 ...
 [0. 0. 0. ... 1. 1. 1.]
 [1. 1. 1. ... 0. 1. 0.]
 [0. 0. 0. ... 1. 1. 1.]]
Mutation
[[1. 1. 1. ... 0. 1. 0.]
 [0. 0. 0. ... 1. 1. 1.]
 [1. 1. 1. ... 0. 1. 0.]
 ...
 [0. 0. 0. ... 1. 1. 1.]
 [1. 1. 1. ... 0. 1. 0.]
 [0. 0. 0. ... 1. 1. 1.]]
Fitness
[93.02325581 93.02325581 95.34883721 90.69767442 95.34883721 90.69767442
 95.34883721 90.69767442 95.34883721 90.69767442]
95.34883720930233
Best fitness so far :  95.34883720930233
Parents
[[1. 1. 1. ... 0. 1. 0.]
 [1. 1. 1. ... 0. 1. 0.]]
Crossover
[[1. 1. 1. ... 0. 1. 0.]
 [1. 1. 1. ... 0. 1. 0.]
 [1. 1. 1. ... 0. 1. 0.]
 ...
 [1. 1. 1. ... 0. 1. 0.]
 [1. 1. 1. ... 0. 1. 0.]
 [1. 1. 1. ... 0. 1. 0.]]
Mutation
[[1. 1. 1. ... 1. 1. 1.]
 [1. 1. 1. ... 1. 1. 1.]
 [1. 1. 1. ... 1. 1. 1.]
 ...
 [1. 1. 1. ... 1. 1. 1.]
 [1. 1. 1. ... 1. 1. 1.]
 [1. 1. 1. ... 1. 1. 1.]]
Fitness
[95.34883721 95.34883721 93.02325581 93.02325581 93.02325581 93.02325581
 93.02325581 93.02325581 93.02325581 93.02325581]
95.34883720930233
Best fitness so far :  95.34883720930233
Parents
[[1. 1. 1. ... 0. 1. 0.]
 [1. 1. 1. ... 0. 1. 0.]]
Crossover
[[1. 1. 1. ... 0. 1. 0.]
 [1. 1. 1. ... 0. 1. 0.]
 [1. 1. 1. ... 0. 1. 0.]
 ...
 [1. 1. 1. ... 0. 1. 0.]
 [1. 1. 1. ... 0. 1. 0.]
 [1. 1. 1. ... 0. 1. 0.]]
Mutation
[[1. 1. 1. ... 0. 1. 0.]
 [1. 1. 1. ... 0. 1. 0.]
 [1. 1. 1. ... 0. 1. 0.]
 ...
 [1. 1. 1. ... 0. 1. 0.]
 [1. 1. 1. ... 0. 1. 0.]
 [1. 1. 1. ... 0. 1. 0.]]
Fitness
[95.34883721 95.34883721 95.34883721 95.34883721 95.34883721 95.34883721
 95.34883721 95.34883721 95.34883721 95.34883721]
95.34883720930233
Best fitness so far :  95.34883720930233
Parents
[[1. 1. 1. ... 0. 1. 0.]
 [1. 1. 1. ... 0. 1. 0.]]
Crossover
[[1. 1. 1. ... 0. 1. 0.]
 [1. 1. 1. ... 0. 1. 0.]
 [1. 1. 1. ... 0. 1. 0.]
 ...
 [1. 1. 1. ... 0. 1. 0.]
 [1. 1. 1. ... 0. 1. 0.]
 [1. 1. 1. ... 0. 1. 0.]]
Mutation
[[1. 1. 1. ... 0. 1. 0.]
 [1. 1. 1. ... 0. 1. 0.]
 [1. 1. 1. ... 0. 1. 0.]
 ...
 [1. 1. 1. ... 0. 1. 0.]
 [1. 1. 1. ... 0. 1. 0.]
 [1. 1. 1. ... 0. 1. 0.]]
Fitness
[95.34883721 95.34883721 95.34883721 95.34883721 95.34883721 95.34883721
 95.34883721 95.34883721 95.34883721 95.34883721]
95.34883720930233
Best fitness so far :  95.34883720930233
Parents
[[1. 1. 1. ... 0. 1. 0.]
 [1. 1. 1. ... 0. 1. 0.]]
Crossover
[[1. 1. 1. ... 0. 1. 0.]
 [1. 1. 1. ... 0. 1. 0.]
 [1. 1. 1. ... 0. 1. 0.]
 ...
 [1. 1. 1. ... 0. 1. 0.]
 [1. 1. 1. ... 0. 1. 0.]
 [1. 1. 1. ... 0. 1. 0.]]
Mutation
[[1. 1. 1. ... 1. 1. 0.]
 [1. 1. 1. ... 1. 1. 0.]
 [1. 1. 1. ... 1. 1. 0.]
 ...
 [1. 1. 1. ... 1. 1. 0.]
 [1. 1. 1. ... 1. 1. 0.]
 [1. 1. 1. ... 1. 1. 0.]]
Fitness
[95.34883721 95.34883721 95.34883721 95.34883721 95.34883721 95.34883721
 95.34883721 95.34883721 95.34883721 95.34883721]
95.34883720930233
Best fitness so far :  95.34883720930233
Parents
[[1. 1. 1. ... 0. 1. 0.]
 [1. 1. 1. ... 0. 1. 0.]]
Crossover
[[1. 1. 1. ... 0. 1. 0.]
 [1. 1. 1. ... 0. 1. 0.]
 [1. 1. 1. ... 0. 1. 0.]
 ...
 [1. 1. 1. ... 0. 1. 0.]
 [1. 1. 1. ... 0. 1. 0.]
 [1. 1. 1. ... 0. 1. 0.]]
Mutation
[[1. 1. 1. ... 0. 0. 0.]
 [1. 1. 1. ... 0. 0. 0.]
 [1. 1. 1. ... 0. 0. 0.]
 ...
 [1. 1. 1. ... 0. 0. 0.]
 [1. 1. 1. ... 0. 0. 0.]
 [1. 1. 1. ... 0. 0. 0.]]
Fitness
[95.34883721 95.34883721 86.04651163 86.04651163 86.04651163 86.04651163
 86.04651163 86.04651163 86.04651163 86.04651163]
95.34883720930233
Best fitness so far :  95.34883720930233
Parents
[[1. 1. 1. ... 0. 1. 0.]
 [1. 1. 1. ... 0. 1. 0.]]
Crossover
[[1. 1. 1. ... 0. 1. 0.]
 [1. 1. 1. ... 0. 1. 0.]
 [1. 1. 1. ... 0. 1. 0.]
 ...
 [1. 1. 1. ... 0. 1. 0.]
 [1. 1. 1. ... 0. 1. 0.]
 [1. 1. 1. ... 0. 1. 0.]]
Mutation
[[1. 1. 0. ... 0. 1. 0.]
 [1. 1. 0. ... 0. 1. 0.]
 [1. 1. 0. ... 0. 1. 0.]
 ...
 [1. 1. 0. ... 0. 1. 0.]
 [1. 1. 0. ... 0. 1. 0.]
 [1. 1. 0. ... 0. 1. 0.]]
Fitness
[95.34883721 95.34883721 95.34883721 95.34883721 95.34883721 95.34883721
 95.34883721 95.34883721 95.34883721 95.34883721]
95.34883720930233
Best fitness so far :  95.34883720930233
Parents
[[1. 1. 1. ... 0. 1. 0.]
 [1. 1. 1. ... 0. 1. 0.]]
Crossover
[[1. 1. 1. ... 0. 1. 0.]
 [1. 1. 1. ... 0. 1. 0.]
 [1. 1. 1. ... 0. 1. 0.]
 ...
 [1. 1. 1. ... 0. 1. 0.]
 [1. 1. 1. ... 0. 1. 0.]
 [1. 1. 1. ... 0. 1. 0.]]
Mutation
[[1. 1. 0. ... 0. 1. 0.]
 [1. 1. 0. ... 0. 1. 0.]
 [1. 1. 0. ... 0. 1. 0.]
 ...
 [1. 1. 0. ... 0. 1. 0.]
 [1. 1. 0. ... 0. 1. 0.]
 [1. 1. 0. ... 0. 1. 0.]]
Fitness
[95.34883721 95.34883721 95.34883721 95.34883721 95.34883721 95.34883721
 95.34883721 95.34883721 95.34883721 95.34883721]
95.34883720930233
Best fitness so far :  95.34883720930233
Parents
[[1. 1. 1. ... 0. 1. 0.]
 [1. 1. 1. ... 0. 1. 0.]]
Crossover
[[1. 1. 1. ... 0. 1. 0.]
 [1. 1. 1. ... 0. 1. 0.]
 [1. 1. 1. ... 0. 1. 0.]
 ...
 [1. 1. 1. ... 0. 1. 0.]
 [1. 1. 1. ... 0. 1. 0.]
 [1. 1. 1. ... 0. 1. 0.]]
Mutation
[[1. 1. 1. ... 0. 1. 0.]
 [1. 1. 1. ... 0. 1. 0.]
 [1. 1. 1. ... 0. 1. 0.]
 ...
 [1. 1. 1. ... 0. 1. 0.]
 [1. 1. 1. ... 0. 1. 0.]
 [1. 1. 1. ... 0. 1. 0.]]
Fitness
[95.34883721 95.34883721 93.02325581 93.02325581 93.02325581 93.02325581
 93.02325581 93.02325581 93.02325581 93.02325581]
95.34883720930233
Best fitness so far :  95.34883720930233
Parents
[[1. 1. 1. ... 0. 1. 0.]
 [1. 1. 1. ... 0. 1. 0.]]
Crossover
[[1. 1. 1. ... 0. 1. 0.]
 [1. 1. 1. ... 0. 1. 0.]
 [1. 1. 1. ... 0. 1. 0.]
 ...
 [1. 1. 1. ... 0. 1. 0.]
 [1. 1. 1. ... 0. 1. 0.]
 [1. 1. 1. ... 0. 1. 0.]]
Mutation
[[1. 1. 1. ... 0. 1. 0.]
 [1. 1. 1. ... 0. 1. 0.]
 [1. 1. 1. ... 0. 1. 0.]
 ...
 [1. 1. 1. ... 0. 1. 0.]
 [1. 1. 1. ... 0. 1. 0.]
 [1. 1. 1. ... 0. 1. 0.]]
Fitness
[95.34883721 95.34883721 95.34883721 95.34883721 95.34883721 95.34883721
 95.34883721 95.34883721 95.34883721 95.34883721]
95.34883720930233
Best fitness so far :  95.34883720930233
Parents
[[1. 1. 1. ... 0. 1. 0.]
 [1. 1. 1. ... 0. 1. 0.]]
Crossover
[[1. 1. 1. ... 0. 1. 0.]
 [1. 1. 1. ... 0. 1. 0.]
 [1. 1. 1. ... 0. 1. 0.]
 ...
 [1. 1. 1. ... 0. 1. 0.]
 [1. 1. 1. ... 0. 1. 0.]
 [1. 1. 1. ... 0. 1. 0.]]
Mutation
[[1. 1. 1. ... 0. 1. 0.]
 [1. 1. 1. ... 0. 1. 0.]
 [1. 1. 1. ... 0. 1. 0.]
 ...
 [1. 1. 1. ... 0. 1. 0.]
 [1. 1. 1. ... 0. 1. 0.]
 [1. 1. 1. ... 0. 1. 0.]]
Fitness
[95.34883721 95.34883721 93.02325581 93.02325581 93.02325581 93.02325581
 93.02325581 93.02325581 93.02325581 93.02325581]
95.34883720930233
Best fitness so far :  95.34883720930233
Parents
[[1. 1. 1. ... 0. 1. 0.]
 [1. 1. 1. ... 0. 1. 0.]]
Crossover
[[1. 1. 1. ... 0. 1. 0.]
 [1. 1. 1. ... 0. 1. 0.]
 [1. 1. 1. ... 0. 1. 0.]
 ...
 [1. 1. 1. ... 0. 1. 0.]
 [1. 1. 1. ... 0. 1. 0.]
 [1. 1. 1. ... 0. 1. 0.]]
Mutation
[[1. 1. 1. ... 0. 1. 0.]
 [1. 1. 1. ... 0. 1. 0.]
 [1. 1. 1. ... 0. 1. 0.]
 ...
 [1. 1. 1. ... 0. 1. 0.]
 [1. 1. 1. ... 0. 1. 0.]
 [1. 1. 1. ... 0. 1. 0.]]
Fitness
[95.34883721 95.34883721 88.37209302 88.37209302 88.37209302 88.37209302
 88.37209302 88.37209302 88.37209302 88.37209302]
95.34883720930233
Best fitness so far :  95.34883720930233
Parents
[[1. 1. 1. ... 0. 1. 0.]
 [1. 1. 1. ... 0. 1. 0.]]
Crossover
[[1. 1. 1. ... 0. 1. 0.]
 [1. 1. 1. ... 0. 1. 0.]
 [1. 1. 1. ... 0. 1. 0.]
 ...
 [1. 1. 1. ... 0. 1. 0.]
 [1. 1. 1. ... 0. 1. 0.]
 [1. 1. 1. ... 0. 1. 0.]]
Mutation
[[1. 1. 1. ... 0. 1. 0.]
 [1. 1. 1. ... 0. 1. 0.]
 [1. 1. 1. ... 0. 1. 0.]
 ...
 [1. 1. 1. ... 0. 1. 0.]
 [1. 1. 1. ... 0. 1. 0.]
 [1. 1. 1. ... 0. 1. 0.]]
Fitness
[95.34883721 95.34883721 95.34883721 95.34883721 95.34883721 95.34883721
 95.34883721 95.34883721 95.34883721 95.34883721]
95.34883720930233
Best fitness so far :  95.34883720930233
Parents
[[1. 1. 1. ... 0. 1. 0.]
 [1. 1. 1. ... 0. 1. 0.]]
Crossover
[[1. 1. 1. ... 0. 1. 0.]
 [1. 1. 1. ... 0. 1. 0.]
 [1. 1. 1. ... 0. 1. 0.]
 ...
 [1. 1. 1. ... 0. 1. 0.]
 [1. 1. 1. ... 0. 1. 0.]
 [1. 1. 1. ... 0. 1. 0.]]
Mutation
[[1. 1. 1. ... 0. 1. 0.]
 [1. 1. 1. ... 0. 1. 0.]
 [1. 1. 1. ... 0. 1. 0.]
 ...
 [1. 1. 1. ... 0. 1. 0.]
 [1. 1. 1. ... 0. 1. 0.]
 [1. 1. 1. ... 0. 1. 0.]]
Fitness
[95.34883721 95.34883721 93.02325581 93.02325581 93.02325581 93.02325581
 93.02325581 93.02325581 93.02325581 93.02325581]
95.34883720930233
Best fitness so far :  95.34883720930233
Parents
[[1. 1. 1. ... 0. 1. 0.]
 [1. 1. 1. ... 0. 1. 0.]]
Crossover
[[1. 1. 1. ... 0. 1. 0.]
 [1. 1. 1. ... 0. 1. 0.]
 [1. 1. 1. ... 0. 1. 0.]
 ...
 [1. 1. 1. ... 0. 1. 0.]
 [1. 1. 1. ... 0. 1. 0.]
 [1. 1. 1. ... 0. 1. 0.]]
Mutation
[[1. 1. 1. ... 0. 1. 0.]
 [1. 1. 1. ... 0. 1. 0.]
 [1. 1. 1. ... 0. 1. 0.]
 ...
 [1. 1. 1. ... 0. 1. 0.]
 [1. 1. 1. ... 0. 1. 0.]
 [1. 1. 1. ... 0. 1. 0.]]
Fitness
[95.34883721 95.34883721 93.02325581 93.02325581 93.02325581 93.02325581
 93.02325581 93.02325581 93.02325581 93.02325581]
95.34883720930233
Best fitness so far :  95.34883720930233
Parents
[[1. 1. 1. ... 0. 1. 0.]
 [1. 1. 1. ... 0. 1. 0.]]
Crossover
[[1. 1. 1. ... 0. 1. 0.]
 [1. 1. 1. ... 0. 1. 0.]
 [1. 1. 1. ... 0. 1. 0.]
 ...
 [1. 1. 1. ... 0. 1. 0.]
 [1. 1. 1. ... 0. 1. 0.]
 [1. 1. 1. ... 0. 1. 0.]]
Mutation
[[1. 1. 1. ... 0. 1. 0.]
 [1. 1. 1. ... 0. 1. 0.]
 [1. 1. 1. ... 0. 1. 0.]
 ...
 [1. 1. 1. ... 0. 1. 0.]
 [1. 1. 1. ... 0. 1. 0.]
 [1. 1. 1. ... 0. 1. 0.]]
Fitness
[95.34883721 95.34883721 95.34883721 95.34883721 95.34883721 95.34883721
 95.34883721 95.34883721 95.34883721 95.34883721]
95.34883720930233
Best fitness so far :  95.34883720930233
Parents
[[1. 1. 1. ... 0. 1. 0.]
 [1. 1. 1. ... 0. 1. 0.]]
Crossover
[[1. 1. 1. ... 0. 1. 0.]
 [1. 1. 1. ... 0. 1. 0.]
 [1. 1. 1. ... 0. 1. 0.]
 ...
 [1. 1. 1. ... 0. 1. 0.]
 [1. 1. 1. ... 0. 1. 0.]
 [1. 1. 1. ... 0. 1. 0.]]
Mutation
[[1. 1. 1. ... 0. 1. 0.]
 [1. 1. 1. ... 0. 1. 0.]
 [1. 1. 1. ... 0. 1. 0.]
 ...
 [1. 1. 1. ... 0. 1. 0.]
 [1. 1. 1. ... 0. 1. 0.]
 [1. 1. 1. ... 0. 1. 0.]]
Fitness
[95.34883721 95.34883721 95.34883721 95.34883721 95.34883721 95.34883721
 95.34883721 95.34883721 95.34883721 95.34883721]
95.34883720930233
Best fitness so far :  95.34883720930233
Parents
[[1. 1. 1. ... 0. 1. 0.]
 [1. 1. 1. ... 0. 1. 0.]]
Crossover
[[1. 1. 1. ... 0. 1. 0.]
 [1. 1. 1. ... 0. 1. 0.]
 [1. 1. 1. ... 0. 1. 0.]
 ...
 [1. 1. 1. ... 0. 1. 0.]
 [1. 1. 1. ... 0. 1. 0.]
 [1. 1. 1. ... 0. 1. 0.]]
Mutation
[[1. 1. 1. ... 0. 1. 0.]
 [1. 1. 1. ... 0. 1. 0.]
 [1. 1. 1. ... 0. 1. 0.]
 ...
 [1. 1. 1. ... 0. 1. 0.]
 [1. 1. 1. ... 0. 1. 0.]
 [1. 1. 1. ... 0. 1. 0.]]
Fitness
[95.34883721 95.34883721 93.02325581 93.02325581 93.02325581 93.02325581
 93.02325581 93.02325581 93.02325581 93.02325581]
95.34883720930233
Best fitness so far :  95.34883720930233
Parents
[[1. 1. 1. ... 0. 1. 0.]
 [1. 1. 1. ... 0. 1. 0.]]
Crossover
[[1. 1. 1. ... 0. 1. 0.]
 [1. 1. 1. ... 0. 1. 0.]
 [1. 1. 1. ... 0. 1. 0.]
 ...
 [1. 1. 1. ... 0. 1. 0.]
 [1. 1. 1. ... 0. 1. 0.]
 [1. 1. 1. ... 0. 1. 0.]]
Mutation
[[1. 0. 1. ... 0. 1. 0.]
 [1. 0. 1. ... 0. 1. 0.]
 [1. 0. 1. ... 0. 1. 0.]
 ...
 [1. 0. 1. ... 0. 1. 0.]
 [1. 0. 1. ... 0. 1. 0.]
 [1. 0. 1. ... 0. 1. 0.]]
Fitness
[95.34883721 95.34883721 93.02325581 93.02325581 93.02325581 93.02325581
 93.02325581 93.02325581 93.02325581 93.02325581]
95.34883720930233
Best fitness so far :  95.34883720930233
Parents
[[1. 1. 1. ... 0. 1. 0.]
 [1. 1. 1. ... 0. 1. 0.]]
Crossover
[[1. 1. 1. ... 0. 1. 0.]
 [1. 1. 1. ... 0. 1. 0.]
 [1. 1. 1. ... 0. 1. 0.]
 ...
 [1. 1. 1. ... 0. 1. 0.]
 [1. 1. 1. ... 0. 1. 0.]
 [1. 1. 1. ... 0. 1. 0.]]
Mutation
[[1. 1. 1. ... 1. 1. 0.]
 [1. 1. 1. ... 1. 1. 0.]
 [1. 1. 1. ... 1. 1. 0.]
 ...
 [1. 1. 1. ... 1. 1. 0.]
 [1. 1. 1. ... 1. 1. 0.]
 [1. 1. 1. ... 1. 1. 0.]]
Fitness
[95.34883721 95.34883721 93.02325581 93.02325581 93.02325581 93.02325581
 93.02325581 93.02325581 93.02325581 93.02325581]
95.34883720930233
Best fitness so far :  95.34883720930233
Parents
[[1. 1. 1. ... 0. 1. 0.]
 [1. 1. 1. ... 0. 1. 0.]]
Crossover
[[1. 1. 1. ... 0. 1. 0.]
 [1. 1. 1. ... 0. 1. 0.]
 [1. 1. 1. ... 0. 1. 0.]
 ...
 [1. 1. 1. ... 0. 1. 0.]
 [1. 1. 1. ... 0. 1. 0.]
 [1. 1. 1. ... 0. 1. 0.]]
Mutation
[[1. 1. 1. ... 0. 1. 0.]
 [1. 1. 1. ... 0. 1. 0.]
 [1. 1. 1. ... 0. 1. 0.]
 ...
 [1. 1. 1. ... 0. 1. 0.]
 [1. 1. 1. ... 0. 1. 0.]
 [1. 1. 1. ... 0. 1. 0.]]
Fitness
[95.34883721 95.34883721 95.34883721 95.34883721 95.34883721 95.34883721
 95.34883721 95.34883721 95.34883721 95.34883721]
95.34883720930233
Best fitness so far :  95.34883720930233
Parents
[[1. 1. 1. ... 0. 1. 0.]
 [1. 1. 1. ... 0. 1. 0.]]
Crossover
[[1. 1. 1. ... 0. 1. 0.]
 [1. 1. 1. ... 0. 1. 0.]
 [1. 1. 1. ... 0. 1. 0.]
 ...
 [1. 1. 1. ... 0. 1. 0.]
 [1. 1. 1. ... 0. 1. 0.]
 [1. 1. 1. ... 0. 1. 0.]]
Mutation
[[1. 1. 1. ... 0. 1. 0.]
 [1. 1. 1. ... 0. 1. 0.]
 [1. 1. 1. ... 0. 1. 0.]
 ...
 [1. 1. 1. ... 0. 1. 0.]
 [1. 1. 1. ... 0. 1. 0.]
 [1. 1. 1. ... 0. 1. 0.]]
Fitness
[95.34883721 95.34883721 88.37209302 88.37209302 88.37209302 88.37209302
 88.37209302 88.37209302 88.37209302 88.37209302]
95.34883720930233
Best fitness so far :  95.34883720930233
Parents
[[1. 1. 1. ... 0. 1. 0.]
 [1. 1. 1. ... 0. 1. 0.]]
Crossover
[[1. 1. 1. ... 0. 1. 0.]
 [1. 1. 1. ... 0. 1. 0.]
 [1. 1. 1. ... 0. 1. 0.]
 ...
 [1. 1. 1. ... 0. 1. 0.]
 [1. 1. 1. ... 0. 1. 0.]
 [1. 1. 1. ... 0. 1. 0.]]
Mutation
[[0. 1. 1. ... 0. 0. 0.]
 [0. 1. 1. ... 0. 0. 0.]
 [0. 1. 1. ... 0. 0. 0.]
 ...
 [0. 1. 1. ... 0. 0. 0.]
 [0. 1. 1. ... 0. 0. 0.]
 [0. 1. 1. ... 0. 0. 0.]]
Fitness
[95.34883721 95.34883721 95.34883721 95.34883721 95.34883721 95.34883721
 95.34883721 95.34883721 95.34883721 95.34883721]
95.34883720930233
Best fitness so far :  95.34883720930233
Parents
[[1. 1. 1. ... 0. 1. 0.]
 [1. 1. 1. ... 0. 1. 0.]]
Crossover
[[1. 1. 1. ... 0. 1. 0.]
 [1. 1. 1. ... 0. 1. 0.]
 [1. 1. 1. ... 0. 1. 0.]
 ...
 [1. 1. 1. ... 0. 1. 0.]
 [1. 1. 1. ... 0. 1. 0.]
 [1. 1. 1. ... 0. 1. 0.]]
Mutation
[[1. 1. 1. ... 0. 1. 0.]
 [1. 1. 1. ... 0. 1. 0.]
 [1. 1. 1. ... 0. 1. 0.]
 ...
 [1. 1. 1. ... 0. 1. 0.]
 [1. 1. 1. ... 0. 1. 0.]
 [1. 1. 1. ... 0. 1. 0.]]
Fitness
[95.34883721 95.34883721 95.34883721 95.34883721 95.34883721 95.34883721
 95.34883721 95.34883721 95.34883721 95.34883721]
95.34883720930233
Best fitness so far :  95.34883720930233
Parents
[[1. 1. 1. ... 0. 1. 0.]
 [1. 1. 1. ... 0. 1. 0.]]
Crossover
[[1. 1. 1. ... 0. 1. 0.]
 [1. 1. 1. ... 0. 1. 0.]
 [1. 1. 1. ... 0. 1. 0.]
 ...
 [1. 1. 1. ... 0. 1. 0.]
 [1. 1. 1. ... 0. 1. 0.]
 [1. 1. 1. ... 0. 1. 0.]]
Mutation
[[1. 1. 1. ... 0. 1. 0.]
 [1. 1. 1. ... 0. 1. 0.]
 [1. 1. 1. ... 0. 1. 0.]
 ...
 [1. 1. 1. ... 0. 1. 0.]
 [1. 1. 1. ... 0. 1. 0.]
 [1. 1. 1. ... 0. 1. 0.]]
Fitness
[95.34883721 95.34883721 95.34883721 95.34883721 95.34883721 95.34883721
 95.34883721 95.34883721 95.34883721 95.34883721]
95.34883720930233
Best fitness so far :  95.34883720930233
Parents
[[1. 1. 1. ... 0. 1. 0.]
 [1. 1. 1. ... 0. 1. 0.]]
Crossover
[[1. 1. 1. ... 0. 1. 0.]
 [1. 1. 1. ... 0. 1. 0.]
 [1. 1. 1. ... 0. 1. 0.]
 ...
 [1. 1. 1. ... 0. 1. 0.]
 [1. 1. 1. ... 0. 1. 0.]
 [1. 1. 1. ... 0. 1. 0.]]
Mutation
[[1. 1. 1. ... 0. 1. 0.]
 [1. 1. 1. ... 0. 1. 0.]
 [1. 1. 1. ... 0. 1. 0.]
 ...
 [1. 1. 1. ... 0. 1. 0.]
 [1. 1. 1. ... 0. 1. 0.]
 [1. 1. 1. ... 0. 1. 0.]]
Fitness
[95.34883721 95.34883721 93.02325581 93.02325581 93.02325581 93.02325581
 93.02325581 93.02325581 93.02325581 93.02325581]
95.34883720930233
Best fitness so far :  95.34883720930233
Parents
[[1. 1. 1. ... 0. 1. 0.]
 [1. 1. 1. ... 0. 1. 0.]]
Crossover
[[1. 1. 1. ... 0. 1. 0.]
 [1. 1. 1. ... 0. 1. 0.]
 [1. 1. 1. ... 0. 1. 0.]
 ...
 [1. 1. 1. ... 0. 1. 0.]
 [1. 1. 1. ... 0. 1. 0.]
 [1. 1. 1. ... 0. 1. 0.]]
Mutation
[[1. 1. 1. ... 0. 1. 1.]
 [1. 1. 1. ... 0. 1. 1.]
 [1. 1. 1. ... 0. 1. 1.]
 ...
 [1. 1. 1. ... 0. 1. 1.]
 [1. 1. 1. ... 0. 1. 1.]
 [1. 1. 1. ... 0. 1. 1.]]
Fitness
[95.34883721 95.34883721 95.34883721 95.34883721 95.34883721 95.34883721
 95.34883721 95.34883721 95.34883721 95.34883721]
95.34883720930233
Best fitness so far :  95.34883720930233
Parents
[[1. 1. 1. ... 0. 1. 0.]
 [1. 1. 1. ... 0. 1. 0.]]
Crossover
[[1. 1. 1. ... 0. 1. 0.]
 [1. 1. 1. ... 0. 1. 0.]
 [1. 1. 1. ... 0. 1. 0.]
 ...
 [1. 1. 1. ... 0. 1. 0.]
 [1. 1. 1. ... 0. 1. 0.]
 [1. 1. 1. ... 0. 1. 0.]]
Mutation
[[1. 1. 1. ... 0. 1. 0.]
 [1. 1. 1. ... 0. 1. 0.]
 [1. 1. 1. ... 0. 1. 0.]
 ...
 [1. 1. 1. ... 0. 1. 0.]
 [1. 1. 1. ... 0. 1. 0.]
 [1. 1. 1. ... 0. 1. 0.]]
Fitness
[95.34883721 95.34883721 95.34883721 95.34883721 95.34883721 95.34883721
 95.34883721 95.34883721 95.34883721 95.34883721]
95.34883720930233
Best fitness so far :  95.34883720930233
Parents
[[1. 1. 1. ... 0. 1. 0.]
 [1. 1. 1. ... 0. 1. 0.]]
Crossover
[[1. 1. 1. ... 0. 1. 0.]
 [1. 1. 1. ... 0. 1. 0.]
 [1. 1. 1. ... 0. 1. 0.]
 ...
 [1. 1. 1. ... 0. 1. 0.]
 [1. 1. 1. ... 0. 1. 0.]
 [1. 1. 1. ... 0. 1. 0.]]
Mutation
[[1. 1. 1. ... 0. 1. 1.]
 [1. 1. 1. ... 0. 1. 1.]
 [1. 1. 1. ... 0. 1. 1.]
 ...
 [1. 1. 1. ... 0. 1. 1.]
 [1. 1. 1. ... 0. 1. 1.]
 [1. 1. 1. ... 0. 1. 1.]]
Fitness
[95.34883721 95.34883721 93.02325581 93.02325581 93.02325581 93.02325581
 93.02325581 93.02325581 93.02325581 93.02325581]
95.34883720930233
Best fitness so far :  95.34883720930233
Parents
[[1. 1. 1. ... 0. 1. 0.]
 [1. 1. 1. ... 0. 1. 0.]]
Crossover
[[1. 1. 1. ... 0. 1. 0.]
 [1. 1. 1. ... 0. 1. 0.]
 [1. 1. 1. ... 0. 1. 0.]
 ...
 [1. 1. 1. ... 0. 1. 0.]
 [1. 1. 1. ... 0. 1. 0.]
 [1. 1. 1. ... 0. 1. 0.]]
Mutation
[[0. 1. 1. ... 0. 0. 0.]
 [0. 1. 1. ... 0. 0. 0.]
 [0. 1. 1. ... 0. 0. 0.]
 ...
 [0. 1. 1. ... 0. 0. 0.]
 [0. 1. 1. ... 0. 0. 0.]
 [0. 1. 1. ... 0. 0. 0.]]
Fitness
[95.34883721 95.34883721 88.37209302 88.37209302 88.37209302 88.37209302
 88.37209302 88.37209302 88.37209302 88.37209302]
95.34883720930233
Best fitness so far :  95.34883720930233
Parents
[[1. 1. 1. ... 0. 1. 0.]
 [1. 1. 1. ... 0. 1. 0.]]
Crossover
[[1. 1. 1. ... 0. 1. 0.]
 [1. 1. 1. ... 0. 1. 0.]
 [1. 1. 1. ... 0. 1. 0.]
 ...
 [1. 1. 1. ... 0. 1. 0.]
 [1. 1. 1. ... 0. 1. 0.]
 [1. 1. 1. ... 0. 1. 0.]]
Mutation
[[0. 1. 1. ... 0. 1. 0.]
 [0. 1. 1. ... 0. 1. 0.]
 [0. 1. 1. ... 0. 1. 0.]
 ...
 [0. 1. 1. ... 0. 1. 0.]
 [0. 1. 1. ... 0. 1. 0.]
 [0. 1. 1. ... 0. 1. 0.]]
Fitness
[95.34883721 95.34883721 93.02325581 93.02325581 93.02325581 93.02325581
 93.02325581 93.02325581 93.02325581 93.02325581]
95.34883720930233
Best fitness so far :  95.34883720930233
Parents
[[1. 1. 1. ... 0. 1. 0.]
 [1. 1. 1. ... 0. 1. 0.]]
Crossover
[[1. 1. 1. ... 0. 1. 0.]
 [1. 1. 1. ... 0. 1. 0.]
 [1. 1. 1. ... 0. 1. 0.]
 ...
 [1. 1. 1. ... 0. 1. 0.]
 [1. 1. 1. ... 0. 1. 0.]
 [1. 1. 1. ... 0. 1. 0.]]
Mutation
[[1. 1. 1. ... 0. 1. 0.]
 [1. 1. 1. ... 0. 1. 0.]
 [1. 1. 1. ... 0. 1. 0.]
 ...
 [1. 1. 1. ... 0. 1. 0.]
 [1. 1. 1. ... 0. 1. 0.]
 [1. 1. 1. ... 0. 1. 0.]]
Fitness
[95.34883721 95.34883721 93.02325581 93.02325581 93.02325581 93.02325581
 93.02325581 93.02325581 93.02325581 93.02325581]
95.34883720930233
Best fitness so far :  95.34883720930233
Parents
[[1. 1. 1. ... 0. 1. 0.]
 [1. 1. 1. ... 0. 1. 0.]]
Crossover
[[1. 1. 1. ... 0. 1. 0.]
 [1. 1. 1. ... 0. 1. 0.]
 [1. 1. 1. ... 0. 1. 0.]
 ...
 [1. 1. 1. ... 0. 1. 0.]
 [1. 1. 1. ... 0. 1. 0.]
 [1. 1. 1. ... 0. 1. 0.]]
Mutation
[[1. 1. 1. ... 0. 1. 0.]
 [1. 1. 1. ... 0. 1. 0.]
 [1. 1. 1. ... 0. 1. 0.]
 ...
 [1. 1. 1. ... 0. 1. 0.]
 [1. 1. 1. ... 0. 1. 0.]
 [1. 1. 1. ... 0. 1. 0.]]
Fitness
[95.34883721 95.34883721 95.34883721 95.34883721 95.34883721 95.34883721
 95.34883721 95.34883721 95.34883721 95.34883721]
95.34883720930233
Best fitness so far :  95.34883720930233
Parents
[[1. 1. 1. ... 0. 1. 0.]
 [1. 1. 1. ... 0. 1. 0.]]
Crossover
[[1. 1. 1. ... 0. 1. 0.]
 [1. 1. 1. ... 0. 1. 0.]
 [1. 1. 1. ... 0. 1. 0.]
 ...
 [1. 1. 1. ... 0. 1. 0.]
 [1. 1. 1. ... 0. 1. 0.]
 [1. 1. 1. ... 0. 1. 0.]]
Mutation
[[1. 1. 1. ... 0. 1. 0.]
 [1. 1. 1. ... 0. 1. 0.]
 [1. 1. 1. ... 0. 1. 0.]
 ...
 [1. 1. 1. ... 0. 1. 0.]
 [1. 1. 1. ... 0. 1. 0.]
 [1. 1. 1. ... 0. 1. 0.]]
Fitness
[95.34883721 95.34883721 93.02325581 93.02325581 93.02325581 93.02325581
 93.02325581 93.02325581 93.02325581 93.02325581]
95.34883720930233
Best fitness so far :  95.34883720930233
Parents
[[1. 1. 1. ... 0. 1. 0.]
 [1. 1. 1. ... 0. 1. 0.]]
Crossover
[[1. 1. 1. ... 0. 1. 0.]
 [1. 1. 1. ... 0. 1. 0.]
 [1. 1. 1. ... 0. 1. 0.]
 ...
 [1. 1. 1. ... 0. 1. 0.]
 [1. 1. 1. ... 0. 1. 0.]
 [1. 1. 1. ... 0. 1. 0.]]
Mutation
[[1. 1. 1. ... 0. 1. 0.]
 [1. 1. 1. ... 0. 1. 0.]
 [1. 1. 1. ... 0. 1. 0.]
 ...
 [1. 1. 1. ... 0. 1. 0.]
 [1. 1. 1. ... 0. 1. 0.]
 [1. 1. 1. ... 0. 1. 0.]]
Fitness
[95.34883721 95.34883721 95.34883721 95.34883721 95.34883721 95.34883721
 95.34883721 95.34883721 95.34883721 95.34883721]
95.34883720930233
Best fitness so far :  95.34883720930233
Parents
[[1. 1. 1. ... 0. 1. 0.]
 [1. 1. 1. ... 0. 1. 0.]]
Crossover
[[1. 1. 1. ... 0. 1. 0.]
 [1. 1. 1. ... 0. 1. 0.]
 [1. 1. 1. ... 0. 1. 0.]
 ...
 [1. 1. 1. ... 0. 1. 0.]
 [1. 1. 1. ... 0. 1. 0.]
 [1. 1. 1. ... 0. 1. 0.]]
Mutation
[[1. 1. 1. ... 0. 1. 0.]
 [1. 1. 1. ... 0. 1. 0.]
 [1. 1. 1. ... 0. 1. 0.]
 ...
 [1. 1. 1. ... 0. 1. 0.]
 [1. 1. 1. ... 0. 1. 0.]
 [1. 1. 1. ... 0. 1. 0.]]
Fitness
[95.34883721 95.34883721 95.34883721 95.34883721 95.34883721 95.34883721
 95.34883721 95.34883721 95.34883721 95.34883721]
95.34883720930233
Best fitness so far :  95.34883720930233
Parents
[[1. 1. 1. ... 0. 1. 0.]
 [1. 1. 1. ... 0. 1. 0.]]
Crossover
[[1. 1. 1. ... 0. 1. 0.]
 [1. 1. 1. ... 0. 1. 0.]
 [1. 1. 1. ... 0. 1. 0.]
 ...
 [1. 1. 1. ... 0. 1. 0.]
 [1. 1. 1. ... 0. 1. 0.]
 [1. 1. 1. ... 0. 1. 0.]]
Mutation
[[1. 1. 1. ... 0. 1. 0.]
 [1. 1. 1. ... 0. 1. 0.]
 [1. 1. 1. ... 0. 1. 0.]
 ...
 [1. 1. 1. ... 0. 1. 0.]
 [1. 1. 1. ... 0. 1. 0.]
 [1. 1. 1. ... 0. 1. 0.]]
best_solution :  [1 1 1 1 1 1 1 1 0 0 1 0 0 1 1 1 0 0 1 0 1 0 1 0 0 0 1 0 0 0 1 0 0 0 1 1 1
 1 0 1 1 1 1 1 1 0 1 1 1 1 1 1 1 0 0 1 1 1 1 1 1 1 0 1 0 0 0 1 1 1 0 1 1 0
 0 1 0 1 1 0 1 1 0 0 0 1 1 1 0 0 0 0 0 1 0 0 1 1 0 0 0 0 1 1 1 1 1 0 1 1 1
 1 1 1 1 0 1 0 1 1 0 1 0 1 1 1 0 0 1 1 1 1 1 0 0 0 1 0 1 1 1 1 0 1 1 1 0 0
 1 1 1 1 0 1 0 1 1 0 0 1 0 1 1 1 1 0 0 0 0 0 0 0 0 0 0 0 0 1 1 0 0 0 0 1 0
 1 0 1 0 0 1 1 1 0 0 1 1 1 0 1 0 0 1 0 1 0 1 1 1 0 1 0 1 1 0 1 0 0 1 1 0 1
 0 1 0 0 0 1 1 1 1 1 0 0 1 1 0 1 1 0 1 0 0 0 1 0 1 1 0 1 0 1 1 0 1 1 0 0 0
 0 0 1 1 0 0 1 0 0 0 0 0 0 1 0 1 0 1 0 1 0 1 0 1 0 0 1 0 1 0 0 1 0 0 0 1 0
 1 1 0 1 0 0 1 1 0 0 0 0 0 1 0 1 0 1 1 0 0 1 0 0 1 1 0 0 1 1 1 0 1 1 1 0 0
 0 1 1 1 1 1 0 1 1 1 1 1 0 0 0 1 0 0 1 1 0 1 0 0 0 0 0 1 0 1 0 1 0 0 0 1 0
 1 1 0 0 1 1 1 1 1 1 1 1 1 1 1 1 0 0 0 0 0 1 0 1 1 0 1 1 1 0 1 0 0 1 0 1 1
 1 0 0 1 1 1 1 0 1 0 0 0 0 0 0 1 1 1 1 1 0 0 1 0 1 0 0 1 1 1 1 1 1 0 1 0 0
 1 1 0 1 1 0 1 0 0 1 1 1 0 1 0 0 1 1 1 0 1 1 0 0 1 0 0 1 1 1 1 0 0 1 1 1 1
 0 1 0 0 1 0 0 1 0 1 0 1 1 0 1 1 0 1 1 1 1 0 0 1 0 1 1 0 1 1 0 0 1 1 0 0 0
 0 1 1 0 1 0 0 0 1 0 0 1 1 0 0 0 1 0 1 1 0 0 1 0 0 0 1 1 0 1 1 1 0 1 0 0 1
 1 0 1 0 0 1 1 0 1 0 1 0 0 1 0 0 0 0 1 0 0 0 1 1 0 0 1 0 0 0 1 1 1 0 0 0 1
 1 0 0 0 0 1 0 1 1 1 1 0 1 0 1 1 1 0 0 0 1 1 0 0 1 0 1 0 1 0 1 0 0 0 0 1 1
 0 0 1 0 0 0 1 1 1 1 0 1 0 0 1 0 1 1 0 1 1 0 0 0 0 1 1 0 1 1 1 0 0 0 1 1 1
 1 0 0 0 1 1 1 0 1 1 1 0 0 1 0 1 0 1 0 0 0 1 1 0 1 1 1 0 0 0 0 1 0 1 0 0 1
 0 1 0 1 0 1 0]
Selected indices :  [  0   1   2   3   4   5   6   7  10  13  14  15  18  20  22  26  30  34
  35  36  37  39  40  41  42  43  44  46  47  48  49  50  51  52  55  56
  57  58  59  60  61  63  67  68  69  71  72  75  77  78  80  81  85  86
  87  93  96  97 102 103 104 105 106 108 109 110 111 112 113 114 116 118
 119 121 123 124 125 128 129 130 131 132 136 138 139 140 141 143 144 145
 148 149 150 151 153 155 156 159 161 162 163 164 177 178 183 185 187 190
 191 192 195 196 197 199 202 204 206 207 208 210 212 213 215 218 219 221
 223 227 228 229 230 231 234 235 237 238 240 244 246 247 249 251 252 254
 255 261 262 265 272 274 276 278 280 282 285 287 290 294 296 297 299 302
 303 309 311 313 314 317 320 321 324 325 326 328 329 330 334 335 336 337
 338 340 341 342 343 344 348 351 352 354 360 362 364 368 370 371 374 375
 376 377 378 379 380 381 382 383 384 385 391 393 394 396 397 398 400 403
 405 406 407 410 411 412 413 415 422 423 424 425 426 429 431 434 435 436
 437 438 439 441 444 445 447 448 450 453 454 455 457 460 461 462 464 465
 468 471 472 473 474 477 478 479 480 482 485 488 490 492 493 495 496 498
 499 500 501 504 506 507 509 510 513 514 519 520 522 526 529 530 534 536
 537 540 544 545 547 548 549 551 554 555 557 560 561 563 565 568 573 577
 578 581 585 586 587 591 592 597 599 600 601 602 604 606 607 608 612 613
 616 618 620 622 627 628 631 635 636 637 638 640 643 645 646 648 649 654
 655 657 658 659 663 664 665 666 670 671 672 674 675 676 679 681 683 687
 688 690 691 692 697 699 702 704 706 708]
Number of selected features :  370
Best solution fitness(Training accuracy) :  95.34883720930233
Printing features in the best feature subset
0 : y_7
1 : y_67
2 : y_65
3 : y_62
4 : y_61
5 : y_60
6 : y_6
7 : y_59
8 : y_58
9 : y_51
10 : y_49
11 : y_48
12 : y_47
13 : y_46
14 : y_43
15 : y_42
16 : y_41
17 : y_4
18 : y_39
19 : y_36
20 : y_34
21 : y_33
22 : y_32
23 : y_30
24 : y_29
25 : y_27
26 : y_21
27 : y_20
28 : y_19
29 : y_18
30 : y_17
31 : y_16
32 : y_15
33 : y_14
34 : y_13
35 : y_12
36 : y_11
37 : y_10
38 : y_0
39 : x_7
40 : x_66
41 : x_64
42 : x_6
43 : x_58
44 : x_56
45 : x_55
46 : x_52
47 : x_48
48 : x_47
49 : x_46
50 : x_45
51 : x_44
52 : x_42
53 : x_41
54 : x_40
55 : x_39
56 : x_38
57 : x_34
58 : x_33
59 : x_32
60 : x_30
61 : x_3
62 : x_29
63 : x_28
64 : x_25
65 : x_24
66 : x_21
67 : x_18
68 : x_17
69 : x_15
70 : x_13
71 : x_1
72 : x_0
73 : pose_Tx
74 : pose_Ry
75 : p_tx
76 : p_scale
77 : p_ry
78 : p_rx
79 : p_7
80 : p_6
81 : p_4
82 : p_33
83 : p_32
84 : p_30
85 : p_3
86 : p_29
87 : p_28
88 : p_24
89 : p_23
90 : p_22
91 : p_21
92 : p_17
93 : p_16
94 : p_15
95 : p_13
96 : p_12
97 : p_1
98 : gaze_1_z
99 : gaze_1_y
100 : gaze_1_x
101 : gaze_0_z
102 : gaze_0_y
103 : gaze_0_x
104 : eye_lmk_y_9
105 : eye_lmk_y_6
106 : eye_lmk_y_55
107 : eye_lmk_y_53
108 : eye_lmk_y_52
109 : eye_lmk_y_50
110 : eye_lmk_y_5
111 : eye_lmk_y_48
112 : eye_lmk_y_47
113 : eye_lmk_y_46
114 : eye_lmk_y_45
115 : eye_lmk_y_44
116 : eye_lmk_y_43
117 : eye_lmk_y_42
118 : eye_lmk_y_40
119 : eye_lmk_y_39
120 : eye_lmk_y_38
121 : eye_lmk_y_37
122 : eye_lmk_y_36
123 : eye_lmk_y_31
124 : eye_lmk_y_30
125 : eye_lmk_y_3
126 : eye_lmk_y_27
127 : eye_lmk_y_21
128 : eye_lmk_y_20
129 : eye_lmk_y_2
130 : eye_lmk_y_19
131 : eye_lmk_y_15
132 : eye_lmk_y_14
133 : eye_lmk_y_12
134 : eye_lmk_y_11
135 : eye_lmk_y_1
136 : eye_lmk_x_8
137 : eye_lmk_x_53
138 : eye_lmk_x_51
139 : eye_lmk_x_50
140 : eye_lmk_x_5
141 : eye_lmk_x_49
142 : eye_lmk_x_48
143 : eye_lmk_x_47
144 : eye_lmk_x_46
145 : eye_lmk_x_45
146 : eye_lmk_x_42
147 : eye_lmk_x_41
148 : eye_lmk_x_40
149 : eye_lmk_x_4
150 : eye_lmk_x_39
151 : eye_lmk_x_38
152 : eye_lmk_x_37
153 : eye_lmk_x_36
154 : eye_lmk_x_34
155 : eye_lmk_x_33
156 : eye_lmk_x_32
157 : eye_lmk_x_31
158 : eye_lmk_x_30
159 : eye_lmk_x_3
160 : eye_lmk_x_29
161 : eye_lmk_x_27
162 : eye_lmk_x_26
163 : eye_lmk_x_25
164 : eye_lmk_x_24
165 : eye_lmk_x_20
166 : eye_lmk_x_16
167 : eye_lmk_x_12
168 : eye_lmk_x_10
169 : eye_lmk_x_0
170 : eye_lmk_Z_6
171 : eye_lmk_Z_53
172 : eye_lmk_Z_51
173 : eye_lmk_Z_48
174 : eye_lmk_Z_46
175 : eye_lmk_Z_44
176 : eye_lmk_Z_42
177 : eye_lmk_Z_40
178 : eye_lmk_Z_4
179 : eye_lmk_Z_38
180 : eye_lmk_Z_31
181 : eye_lmk_Z_3
182 : eye_lmk_Z_28
183 : eye_lmk_Z_27
184 : eye_lmk_Z_21
185 : eye_lmk_Z_20
186 : eye_lmk_Z_18
187 : eye_lmk_Z_17
188 : eye_lmk_Z_15
189 : eye_lmk_Z_13
190 : eye_lmk_Z_12
191 : eye_lmk_Z_10
192 : eye_lmk_Z_1
193 : eye_lmk_Z_0
194 : eye_lmk_Y_9
195 : eye_lmk_Y_7
196 : eye_lmk_Y_53
197 : eye_lmk_Y_52
198 : eye_lmk_Y_51
199 : eye_lmk_Y_50
200 : eye_lmk_Y_5
201 : eye_lmk_Y_49
202 : eye_lmk_Y_45
203 : eye_lmk_Y_43
204 : eye_lmk_Y_41
205 : eye_lmk_Y_40
206 : eye_lmk_Y_37
207 : eye_lmk_Y_35
208 : eye_lmk_Y_34
209 : eye_lmk_Y_32
210 : eye_lmk_Y_30
211 : eye_lmk_Y_29
212 : eye_lmk_Y_28
213 : eye_lmk_Y_26
214 : eye_lmk_Y_24
215 : eye_lmk_Y_21
216 : eye_lmk_Y_19
217 : eye_lmk_Y_18
218 : eye_lmk_Y_17
219 : eye_lmk_Y_14
220 : eye_lmk_Y_13
221 : eye_lmk_Y_12
222 : eye_lmk_Y_0
223 : eye_lmk_X_9
224 : eye_lmk_X_8
225 : eye_lmk_X_7
226 : eye_lmk_X_6
227 : eye_lmk_X_55
228 : eye_lmk_X_42
229 : eye_lmk_X_41
230 : eye_lmk_X_40
231 : eye_lmk_X_39
232 : eye_lmk_X_37
233 : eye_lmk_X_34
234 : eye_lmk_X_33
235 : eye_lmk_X_31
236 : eye_lmk_X_3
237 : eye_lmk_X_29
238 : eye_lmk_X_28
239 : eye_lmk_X_27
240 : eye_lmk_X_26
241 : eye_lmk_X_23
242 : eye_lmk_X_22
243 : eye_lmk_X_21
244 : eye_lmk_X_2
245 : eye_lmk_X_19
246 : eye_lmk_X_18
247 : eye_lmk_X_17
248 : eye_lmk_X_16
249 : eye_lmk_X_14
250 : eye_lmk_X_10
251 : eye_lmk_X_1
252 : confidence
253 : Z_9
254 : Z_67
255 : Z_63
256 : Z_60
257 : Z_59
258 : Z_54
259 : Z_52
260 : Z_50
261 : Z_5
262 : Z_48
263 : Z_45
264 : Z_44
265 : Z_40
266 : Z_39
267 : Z_38
268 : Z_36
269 : Z_34
270 : Z_33
271 : Z_32
272 : Z_31
273 : Z_29
274 : Z_24
275 : Z_23
276 : Z_19
277 : Z_18
278 : Z_17
279 : Z_13
280 : Z_10
281 : Z_0
282 : Y_9
283 : Y_7
284 : Y_65
285 : Y_63
286 : Y_61
287 : Y_60
288 : Y_6
289 : Y_57
290 : Y_55
291 : Y_54
292 : Y_51
293 : Y_49
294 : Y_48
295 : Y_47
296 : Y_45
297 : Y_44
298 : Y_40
299 : Y_4
300 : Y_37
301 : Y_36
302 : Y_34
303 : Y_30
304 : Y_29
305 : Y_26
306 : Y_22
307 : Y_20
308 : Y_19
309 : Y_14
310 : Y_13
311 : Y_10
312 : Y_1
313 : Y_0
314 : X_9
315 : X_7
316 : X_67
317 : X_66
318 : X_64
319 : X_63
320 : X_61
321 : X_60
322 : X_6
323 : X_58
324 : X_56
325 : X_53
326 : X_50
327 : X_5
328 : X_48
329 : X_47
330 : X_46
331 : X_45
332 : X_42
333 : X_41
334 : X_40
335 : X_4
336 : X_39
337 : X_36
338 : X_33
339 : X_32
340 : X_30
341 : X_3
342 : X_29
343 : X_28
344 : X_25
345 : X_23
346 : X_22
347 : X_21
348 : X_2
349 : X_18
350 : X_16
351 : X_15
352 : X_13
353 : X_12
354 : Sad
355 : AU45_r
356 : AU26_r
357 : AU26_c
358 : AU25_r
359 : AU23_c
360 : AU20_r
361 : AU17_r
362 : AU17_c
363 : AU14_c
364 : AU10_r
365 : AU09_c
366 : AU07_r
367 : AU06_c
368 : AU05_r
369 : AU01_r
[93.02325581395348, 93.02325581395348, 93.02325581395348, 93.02325581395348, 93.02325581395348, 93.02325581395348, 93.02325581395348, 93.02325581395348, 93.02325581395348, 93.02325581395348, 93.02325581395348, 93.02325581395348, 93.02325581395348, 93.02325581395348, 95.34883720930233, 95.34883720930233, 95.34883720930233, 95.34883720930233, 95.34883720930233, 95.34883720930233, 95.34883720930233, 95.34883720930233, 95.34883720930233, 95.34883720930233, 95.34883720930233, 95.34883720930233, 95.34883720930233, 95.34883720930233, 95.34883720930233, 95.34883720930233, 95.34883720930233, 95.34883720930233, 95.34883720930233, 95.34883720930233, 95.34883720930233, 95.34883720930233, 95.34883720930233, 95.34883720930233, 95.34883720930233, 95.34883720930233, 95.34883720930233, 95.34883720930233, 95.34883720930233, 95.34883720930233, 95.34883720930233, 95.34883720930233, 95.34883720930233, 95.34883720930233, 95.34883720930233, 95.34883720930233]
Testing Accuracy of the best solution is : 72.22222222222221
