Mating : rank
Crossover : two_point
Mutation : inverse
Fitness
[79.06976744 81.39534884 76.74418605 74.41860465 81.39534884 69.76744186
 79.06976744 81.39534884 81.39534884 81.39534884]
81.3953488372093
Best fitness so far :  81.3953488372093
Parents
[[1. 1. 1. ... 0. 1. 0.]
 [1. 0. 1. ... 1. 1. 0.]]
Crossover
[[1. 0. 1. ... 1. 1. 0.]
 [1. 1. 1. ... 0. 1. 0.]
 [1. 0. 1. ... 1. 1. 0.]
 ...
 [1. 1. 1. ... 0. 1. 0.]
 [1. 0. 1. ... 1. 1. 0.]
 [1. 1. 1. ... 0. 1. 0.]]
Mutation
[[1. 0. 1. ... 1. 1. 0.]
 [1. 1. 1. ... 0. 1. 0.]
 [1. 0. 1. ... 1. 1. 0.]
 ...
 [1. 1. 1. ... 0. 1. 0.]
 [1. 0. 1. ... 1. 1. 0.]
 [1. 1. 1. ... 0. 1. 0.]]
Fitness
[81.39534884 81.39534884 81.39534884 81.39534884 81.39534884 81.39534884
 81.39534884 81.39534884 81.39534884 81.39534884]
81.3953488372093
Best fitness so far :  81.3953488372093
Parents
[[1. 1. 1. ... 0. 1. 0.]
 [1. 0. 1. ... 1. 1. 0.]]
Crossover
[[1. 0. 1. ... 1. 1. 0.]
 [1. 1. 1. ... 0. 1. 0.]
 [1. 0. 1. ... 1. 1. 0.]
 ...
 [1. 1. 1. ... 0. 1. 0.]
 [1. 0. 1. ... 1. 1. 0.]
 [1. 1. 1. ... 0. 1. 0.]]
Mutation
[[1. 0. 1. ... 1. 1. 0.]
 [1. 1. 1. ... 0. 1. 0.]
 [1. 0. 1. ... 1. 1. 0.]
 ...
 [1. 1. 1. ... 0. 1. 0.]
 [1. 0. 1. ... 1. 1. 0.]
 [1. 1. 1. ... 0. 1. 0.]]
Fitness
[81.39534884 81.39534884 81.39534884 79.06976744 81.39534884 79.06976744
 81.39534884 79.06976744 81.39534884 79.06976744]
81.3953488372093
Best fitness so far :  81.3953488372093
Parents
[[1. 1. 1. ... 0. 1. 0.]
 [1. 0. 1. ... 1. 1. 0.]]
Crossover
[[1. 0. 1. ... 1. 1. 0.]
 [1. 1. 1. ... 0. 1. 0.]
 [1. 0. 1. ... 1. 1. 0.]
 ...
 [1. 1. 1. ... 0. 1. 0.]
 [1. 0. 1. ... 1. 1. 0.]
 [1. 1. 1. ... 0. 1. 0.]]
Mutation
[[1. 0. 1. ... 1. 1. 0.]
 [1. 1. 1. ... 0. 1. 0.]
 [1. 0. 1. ... 1. 1. 0.]
 ...
 [1. 1. 1. ... 0. 1. 0.]
 [1. 0. 1. ... 1. 1. 0.]
 [1. 1. 1. ... 0. 1. 0.]]
Fitness
[81.39534884 81.39534884 81.39534884 81.39534884 81.39534884 81.39534884
 81.39534884 81.39534884 81.39534884 81.39534884]
81.3953488372093
Best fitness so far :  81.3953488372093
Parents
[[1. 1. 1. ... 0. 1. 0.]
 [1. 0. 1. ... 1. 1. 0.]]
Crossover
[[1. 0. 1. ... 1. 1. 0.]
 [1. 1. 1. ... 0. 1. 0.]
 [1. 0. 1. ... 1. 1. 0.]
 ...
 [1. 1. 1. ... 0. 1. 0.]
 [1. 0. 1. ... 1. 1. 0.]
 [1. 1. 1. ... 0. 1. 0.]]
Mutation
[[1. 0. 1. ... 1. 1. 0.]
 [1. 1. 1. ... 0. 1. 0.]
 [1. 0. 1. ... 1. 1. 0.]
 ...
 [1. 1. 1. ... 0. 1. 0.]
 [1. 0. 1. ... 1. 1. 0.]
 [1. 1. 1. ... 0. 1. 0.]]
Fitness
[81.39534884 81.39534884 81.39534884 81.39534884 81.39534884 81.39534884
 81.39534884 81.39534884 81.39534884 81.39534884]
81.3953488372093
Best fitness so far :  81.3953488372093
Parents
[[1. 1. 1. ... 0. 1. 0.]
 [1. 0. 1. ... 1. 1. 0.]]
Crossover
[[1. 0. 1. ... 1. 1. 0.]
 [1. 1. 1. ... 0. 1. 0.]
 [1. 0. 1. ... 1. 1. 0.]
 ...
 [1. 1. 1. ... 0. 1. 0.]
 [1. 0. 1. ... 1. 1. 0.]
 [1. 1. 1. ... 0. 1. 0.]]
Mutation
[[1. 0. 1. ... 1. 1. 0.]
 [1. 1. 1. ... 0. 1. 0.]
 [1. 0. 1. ... 1. 1. 0.]
 ...
 [1. 1. 1. ... 0. 1. 0.]
 [1. 0. 1. ... 1. 1. 0.]
 [1. 1. 1. ... 0. 1. 0.]]
Fitness
[81.39534884 81.39534884 81.39534884 81.39534884 81.39534884 81.39534884
 81.39534884 81.39534884 81.39534884 81.39534884]
81.3953488372093
Best fitness so far :  81.3953488372093
Parents
[[1. 1. 1. ... 0. 1. 0.]
 [1. 0. 1. ... 1. 1. 0.]]
Crossover
[[1. 0. 1. ... 1. 1. 0.]
 [1. 1. 1. ... 0. 1. 0.]
 [1. 0. 1. ... 1. 1. 0.]
 ...
 [1. 1. 1. ... 0. 1. 0.]
 [1. 0. 1. ... 1. 1. 0.]
 [1. 1. 1. ... 0. 1. 0.]]
Mutation
[[1. 0. 1. ... 1. 1. 0.]
 [1. 1. 1. ... 0. 1. 0.]
 [1. 0. 1. ... 1. 1. 0.]
 ...
 [1. 1. 1. ... 0. 1. 0.]
 [1. 0. 1. ... 1. 1. 0.]
 [1. 1. 1. ... 0. 1. 0.]]
Fitness
[81.39534884 81.39534884 81.39534884 81.39534884 81.39534884 81.39534884
 81.39534884 81.39534884 81.39534884 81.39534884]
81.3953488372093
Best fitness so far :  81.3953488372093
Parents
[[1. 1. 1. ... 0. 1. 0.]
 [1. 0. 1. ... 1. 1. 0.]]
Crossover
[[1. 0. 1. ... 1. 1. 0.]
 [1. 1. 1. ... 0. 1. 0.]
 [1. 0. 1. ... 1. 1. 0.]
 ...
 [1. 1. 1. ... 0. 1. 0.]
 [1. 0. 1. ... 1. 1. 0.]
 [1. 1. 1. ... 0. 1. 0.]]
Mutation
[[1. 0. 1. ... 1. 1. 0.]
 [1. 1. 1. ... 0. 1. 0.]
 [1. 0. 1. ... 1. 1. 0.]
 ...
 [1. 1. 1. ... 0. 1. 0.]
 [1. 0. 1. ... 1. 1. 0.]
 [1. 1. 1. ... 0. 1. 0.]]
Fitness
[81.39534884 81.39534884 81.39534884 81.39534884 81.39534884 81.39534884
 81.39534884 81.39534884 81.39534884 81.39534884]
81.3953488372093
Best fitness so far :  81.3953488372093
Parents
[[1. 1. 1. ... 0. 1. 0.]
 [1. 0. 1. ... 1. 1. 0.]]
Crossover
[[1. 0. 1. ... 1. 1. 0.]
 [1. 1. 1. ... 0. 1. 0.]
 [1. 0. 1. ... 1. 1. 0.]
 ...
 [1. 1. 1. ... 0. 1. 0.]
 [1. 0. 1. ... 1. 1. 0.]
 [1. 1. 1. ... 0. 1. 0.]]
Mutation
[[1. 0. 1. ... 1. 1. 0.]
 [1. 1. 1. ... 0. 1. 0.]
 [1. 0. 1. ... 1. 1. 0.]
 ...
 [1. 1. 1. ... 0. 1. 0.]
 [1. 0. 1. ... 1. 1. 0.]
 [1. 1. 1. ... 0. 1. 0.]]
Fitness
[81.39534884 81.39534884 81.39534884 81.39534884 81.39534884 81.39534884
 81.39534884 81.39534884 81.39534884 81.39534884]
81.3953488372093
Best fitness so far :  81.3953488372093
Parents
[[1. 1. 1. ... 0. 1. 0.]
 [1. 0. 1. ... 1. 1. 0.]]
Crossover
[[1. 0. 1. ... 1. 1. 0.]
 [1. 1. 1. ... 0. 1. 0.]
 [1. 0. 1. ... 1. 1. 0.]
 ...
 [1. 1. 1. ... 0. 1. 0.]
 [1. 0. 1. ... 1. 1. 0.]
 [1. 1. 1. ... 0. 1. 0.]]
Mutation
[[1. 0. 1. ... 1. 1. 0.]
 [1. 1. 1. ... 0. 1. 0.]
 [1. 0. 1. ... 1. 1. 0.]
 ...
 [1. 1. 1. ... 0. 1. 0.]
 [1. 0. 1. ... 1. 1. 0.]
 [1. 1. 1. ... 0. 1. 0.]]
Fitness
[81.39534884 81.39534884 81.39534884 81.39534884 81.39534884 81.39534884
 81.39534884 81.39534884 81.39534884 81.39534884]
81.3953488372093
Best fitness so far :  81.3953488372093
Parents
[[1. 1. 1. ... 0. 1. 0.]
 [1. 0. 1. ... 1. 1. 0.]]
Crossover
[[1. 0. 1. ... 1. 1. 0.]
 [1. 1. 1. ... 0. 1. 0.]
 [1. 0. 1. ... 1. 1. 0.]
 ...
 [1. 1. 1. ... 0. 1. 0.]
 [1. 0. 1. ... 1. 1. 0.]
 [1. 1. 1. ... 0. 1. 0.]]
Mutation
[[1. 0. 1. ... 1. 1. 0.]
 [1. 1. 1. ... 0. 1. 0.]
 [1. 0. 1. ... 1. 1. 0.]
 ...
 [1. 1. 1. ... 0. 1. 0.]
 [1. 0. 1. ... 1. 1. 0.]
 [1. 1. 1. ... 0. 1. 0.]]
Fitness
[81.39534884 81.39534884 81.39534884 81.39534884 81.39534884 81.39534884
 81.39534884 81.39534884 81.39534884 81.39534884]
81.3953488372093
Best fitness so far :  81.3953488372093
Parents
[[1. 1. 1. ... 0. 1. 0.]
 [1. 0. 1. ... 1. 1. 0.]]
Crossover
[[1. 0. 1. ... 1. 1. 0.]
 [1. 1. 1. ... 0. 1. 0.]
 [1. 0. 1. ... 1. 1. 0.]
 ...
 [1. 1. 1. ... 0. 1. 0.]
 [1. 0. 1. ... 1. 1. 0.]
 [1. 1. 1. ... 0. 1. 0.]]
Mutation
[[1. 0. 1. ... 1. 1. 0.]
 [1. 1. 1. ... 0. 1. 0.]
 [1. 0. 1. ... 1. 1. 0.]
 ...
 [1. 1. 1. ... 0. 1. 0.]
 [1. 0. 1. ... 1. 1. 0.]
 [1. 1. 1. ... 0. 1. 0.]]
Fitness
[81.39534884 81.39534884 81.39534884 81.39534884 81.39534884 81.39534884
 81.39534884 81.39534884 81.39534884 81.39534884]
81.3953488372093
Best fitness so far :  81.3953488372093
Parents
[[1. 1. 1. ... 0. 1. 0.]
 [1. 0. 1. ... 1. 1. 0.]]
Crossover
[[1. 0. 1. ... 1. 1. 0.]
 [1. 1. 1. ... 0. 1. 0.]
 [1. 0. 1. ... 1. 1. 0.]
 ...
 [1. 1. 1. ... 0. 1. 0.]
 [1. 0. 1. ... 1. 1. 0.]
 [1. 1. 1. ... 0. 1. 0.]]
Mutation
[[1. 0. 1. ... 1. 1. 0.]
 [1. 1. 1. ... 0. 1. 0.]
 [1. 0. 1. ... 1. 1. 0.]
 ...
 [1. 1. 1. ... 0. 1. 0.]
 [1. 0. 1. ... 1. 1. 0.]
 [1. 1. 1. ... 0. 1. 0.]]
Fitness
[81.39534884 81.39534884 81.39534884 81.39534884 81.39534884 81.39534884
 81.39534884 81.39534884 81.39534884 81.39534884]
81.3953488372093
Best fitness so far :  81.3953488372093
Parents
[[1. 1. 1. ... 0. 1. 0.]
 [1. 0. 1. ... 1. 1. 0.]]
Crossover
[[1. 0. 1. ... 1. 1. 0.]
 [1. 1. 1. ... 0. 1. 0.]
 [1. 0. 1. ... 1. 1. 0.]
 ...
 [1. 1. 1. ... 0. 1. 0.]
 [1. 0. 1. ... 1. 1. 0.]
 [1. 1. 1. ... 0. 1. 0.]]
Mutation
[[1. 0. 1. ... 1. 1. 0.]
 [1. 1. 1. ... 0. 1. 0.]
 [1. 0. 1. ... 1. 1. 0.]
 ...
 [1. 1. 1. ... 0. 1. 0.]
 [1. 0. 1. ... 1. 1. 0.]
 [1. 1. 1. ... 0. 1. 0.]]
Fitness
[81.39534884 81.39534884 79.06976744 79.06976744 79.06976744 79.06976744
 79.06976744 79.06976744 79.06976744 79.06976744]
81.3953488372093
Best fitness so far :  81.3953488372093
Parents
[[1. 1. 1. ... 0. 1. 0.]
 [1. 0. 1. ... 1. 1. 0.]]
Crossover
[[1. 0. 1. ... 1. 1. 0.]
 [1. 1. 1. ... 0. 1. 0.]
 [1. 0. 1. ... 1. 1. 0.]
 ...
 [1. 1. 1. ... 0. 1. 0.]
 [1. 0. 1. ... 1. 1. 0.]
 [1. 1. 1. ... 0. 1. 0.]]
Mutation
[[1. 0. 1. ... 1. 1. 0.]
 [1. 1. 1. ... 0. 1. 0.]
 [1. 0. 1. ... 1. 1. 0.]
 ...
 [1. 1. 1. ... 0. 1. 0.]
 [1. 0. 1. ... 1. 1. 0.]
 [1. 1. 1. ... 0. 1. 0.]]
Fitness
[81.39534884 81.39534884 81.39534884 81.39534884 81.39534884 81.39534884
 81.39534884 81.39534884 81.39534884 81.39534884]
81.3953488372093
Best fitness so far :  81.3953488372093
Parents
[[1. 1. 1. ... 0. 1. 0.]
 [1. 0. 1. ... 1. 1. 0.]]
Crossover
[[1. 0. 1. ... 1. 1. 0.]
 [1. 1. 1. ... 0. 1. 0.]
 [1. 0. 1. ... 1. 1. 0.]
 ...
 [1. 1. 1. ... 0. 1. 0.]
 [1. 0. 1. ... 1. 1. 0.]
 [1. 1. 1. ... 0. 1. 0.]]
Mutation
[[1. 0. 1. ... 1. 1. 0.]
 [1. 1. 1. ... 0. 1. 0.]
 [1. 0. 1. ... 1. 1. 0.]
 ...
 [1. 1. 1. ... 0. 1. 0.]
 [1. 0. 1. ... 1. 1. 0.]
 [1. 1. 1. ... 0. 1. 0.]]
Fitness
[81.39534884 81.39534884 81.39534884 81.39534884 81.39534884 81.39534884
 81.39534884 81.39534884 81.39534884 81.39534884]
81.3953488372093
Best fitness so far :  81.3953488372093
Parents
[[1. 1. 1. ... 0. 1. 0.]
 [1. 0. 1. ... 1. 1. 0.]]
Crossover
[[1. 0. 1. ... 1. 1. 0.]
 [1. 1. 1. ... 0. 1. 0.]
 [1. 0. 1. ... 1. 1. 0.]
 ...
 [1. 1. 1. ... 0. 1. 0.]
 [1. 0. 1. ... 1. 1. 0.]
 [1. 1. 1. ... 0. 1. 0.]]
Mutation
[[1. 0. 1. ... 1. 1. 0.]
 [1. 1. 1. ... 0. 1. 0.]
 [1. 0. 1. ... 1. 1. 0.]
 ...
 [1. 1. 1. ... 0. 1. 0.]
 [1. 0. 1. ... 1. 1. 0.]
 [1. 1. 1. ... 0. 1. 0.]]
Fitness
[81.39534884 81.39534884 79.06976744 76.74418605 79.06976744 76.74418605
 79.06976744 76.74418605 79.06976744 76.74418605]
81.3953488372093
Best fitness so far :  81.3953488372093
Parents
[[1. 1. 1. ... 0. 1. 0.]
 [1. 0. 1. ... 1. 1. 0.]]
Crossover
[[1. 0. 1. ... 1. 1. 0.]
 [1. 1. 1. ... 0. 1. 0.]
 [1. 0. 1. ... 1. 1. 0.]
 ...
 [1. 1. 1. ... 0. 1. 0.]
 [1. 0. 1. ... 1. 1. 0.]
 [1. 1. 1. ... 0. 1. 0.]]
Mutation
[[1. 0. 1. ... 1. 1. 0.]
 [1. 1. 1. ... 0. 1. 0.]
 [1. 0. 1. ... 1. 1. 0.]
 ...
 [1. 1. 1. ... 0. 1. 0.]
 [1. 0. 1. ... 1. 1. 0.]
 [1. 1. 1. ... 0. 1. 0.]]
Fitness
[81.39534884 81.39534884 81.39534884 81.39534884 81.39534884 81.39534884
 81.39534884 81.39534884 81.39534884 81.39534884]
81.3953488372093
Best fitness so far :  81.3953488372093
Parents
[[1. 1. 1. ... 0. 1. 0.]
 [1. 0. 1. ... 1. 1. 0.]]
Crossover
[[1. 0. 1. ... 1. 1. 0.]
 [1. 1. 1. ... 0. 1. 0.]
 [1. 0. 1. ... 1. 1. 0.]
 ...
 [1. 1. 1. ... 0. 1. 0.]
 [1. 0. 1. ... 1. 1. 0.]
 [1. 1. 1. ... 0. 1. 0.]]
Mutation
[[1. 0. 1. ... 1. 1. 0.]
 [1. 1. 1. ... 0. 1. 0.]
 [1. 0. 1. ... 1. 1. 0.]
 ...
 [1. 1. 1. ... 0. 1. 0.]
 [1. 0. 1. ... 1. 1. 0.]
 [1. 1. 1. ... 0. 1. 0.]]
Fitness
[81.39534884 81.39534884 81.39534884 81.39534884 81.39534884 81.39534884
 81.39534884 81.39534884 81.39534884 81.39534884]
81.3953488372093
Best fitness so far :  81.3953488372093
Parents
[[1. 1. 1. ... 0. 1. 0.]
 [1. 0. 1. ... 1. 1. 0.]]
Crossover
[[1. 0. 1. ... 1. 1. 0.]
 [1. 1. 1. ... 0. 1. 0.]
 [1. 0. 1. ... 1. 1. 0.]
 ...
 [1. 1. 1. ... 0. 1. 0.]
 [1. 0. 1. ... 1. 1. 0.]
 [1. 1. 1. ... 0. 1. 0.]]
Mutation
[[1. 0. 1. ... 1. 1. 0.]
 [1. 1. 1. ... 0. 1. 0.]
 [1. 0. 1. ... 1. 1. 0.]
 ...
 [1. 1. 1. ... 0. 1. 0.]
 [1. 0. 1. ... 1. 1. 0.]
 [1. 1. 1. ... 0. 1. 0.]]
Fitness
[81.39534884 81.39534884 81.39534884 81.39534884 81.39534884 81.39534884
 81.39534884 81.39534884 81.39534884 81.39534884]
81.3953488372093
Best fitness so far :  81.3953488372093
Parents
[[1. 1. 1. ... 0. 1. 0.]
 [1. 0. 1. ... 1. 1. 0.]]
Crossover
[[1. 0. 1. ... 1. 1. 0.]
 [1. 1. 1. ... 0. 1. 0.]
 [1. 0. 1. ... 1. 1. 0.]
 ...
 [1. 1. 1. ... 0. 1. 0.]
 [1. 0. 1. ... 1. 1. 0.]
 [1. 1. 1. ... 0. 1. 0.]]
Mutation
[[1. 0. 1. ... 1. 1. 0.]
 [1. 1. 1. ... 0. 1. 0.]
 [1. 0. 1. ... 1. 1. 0.]
 ...
 [1. 1. 1. ... 0. 1. 0.]
 [1. 0. 1. ... 1. 1. 0.]
 [1. 1. 1. ... 0. 1. 0.]]
Fitness
[81.39534884 81.39534884 81.39534884 76.74418605 81.39534884 76.74418605
 81.39534884 76.74418605 81.39534884 76.74418605]
81.3953488372093
Best fitness so far :  81.3953488372093
Parents
[[1. 1. 1. ... 0. 1. 0.]
 [1. 0. 1. ... 1. 1. 0.]]
Crossover
[[1. 0. 1. ... 1. 1. 0.]
 [1. 1. 1. ... 0. 1. 0.]
 [1. 0. 1. ... 1. 1. 0.]
 ...
 [1. 1. 1. ... 0. 1. 0.]
 [1. 0. 1. ... 1. 1. 0.]
 [1. 1. 1. ... 0. 1. 0.]]
Mutation
[[1. 0. 1. ... 1. 1. 0.]
 [1. 1. 1. ... 0. 1. 0.]
 [1. 0. 1. ... 1. 1. 0.]
 ...
 [1. 1. 1. ... 0. 1. 0.]
 [1. 0. 1. ... 1. 1. 0.]
 [1. 1. 1. ... 0. 1. 0.]]
Fitness
[81.39534884 81.39534884 81.39534884 81.39534884 81.39534884 81.39534884
 81.39534884 81.39534884 81.39534884 81.39534884]
81.3953488372093
Best fitness so far :  81.3953488372093
Parents
[[1. 1. 1. ... 0. 1. 0.]
 [1. 0. 1. ... 1. 1. 0.]]
Crossover
[[1. 0. 1. ... 1. 1. 0.]
 [1. 1. 1. ... 0. 1. 0.]
 [1. 0. 1. ... 1. 1. 0.]
 ...
 [1. 1. 1. ... 0. 1. 0.]
 [1. 0. 1. ... 1. 1. 0.]
 [1. 1. 1. ... 0. 1. 0.]]
Mutation
[[1. 0. 1. ... 1. 1. 0.]
 [1. 1. 1. ... 0. 1. 0.]
 [1. 0. 1. ... 1. 1. 0.]
 ...
 [1. 1. 1. ... 0. 1. 0.]
 [1. 0. 1. ... 1. 1. 0.]
 [1. 1. 1. ... 0. 1. 0.]]
Fitness
[81.39534884 81.39534884 79.06976744 79.06976744 79.06976744 79.06976744
 79.06976744 79.06976744 79.06976744 79.06976744]
81.3953488372093
Best fitness so far :  81.3953488372093
Parents
[[1. 1. 1. ... 0. 1. 0.]
 [1. 0. 1. ... 1. 1. 0.]]
Crossover
[[1. 0. 1. ... 1. 1. 0.]
 [1. 1. 1. ... 0. 1. 0.]
 [1. 0. 1. ... 1. 1. 0.]
 ...
 [1. 1. 1. ... 0. 1. 0.]
 [1. 0. 1. ... 1. 1. 0.]
 [1. 1. 1. ... 0. 1. 0.]]
Mutation
[[1. 0. 1. ... 1. 1. 0.]
 [1. 1. 1. ... 0. 1. 0.]
 [1. 0. 1. ... 1. 1. 0.]
 ...
 [1. 1. 1. ... 0. 1. 0.]
 [1. 0. 1. ... 1. 1. 0.]
 [1. 1. 1. ... 0. 1. 0.]]
Fitness
[81.39534884 81.39534884 81.39534884 81.39534884 81.39534884 81.39534884
 81.39534884 81.39534884 81.39534884 81.39534884]
81.3953488372093
Best fitness so far :  81.3953488372093
Parents
[[1. 1. 1. ... 0. 1. 0.]
 [1. 0. 1. ... 1. 1. 0.]]
Crossover
[[1. 0. 1. ... 1. 1. 0.]
 [1. 1. 1. ... 0. 1. 0.]
 [1. 0. 1. ... 1. 1. 0.]
 ...
 [1. 1. 1. ... 0. 1. 0.]
 [1. 0. 1. ... 1. 1. 0.]
 [1. 1. 1. ... 0. 1. 0.]]
Mutation
[[1. 0. 1. ... 1. 1. 0.]
 [1. 1. 1. ... 0. 1. 0.]
 [1. 0. 1. ... 1. 1. 0.]
 ...
 [1. 1. 1. ... 0. 1. 0.]
 [1. 0. 1. ... 1. 1. 0.]
 [1. 1. 1. ... 0. 1. 0.]]
Fitness
[81.39534884 81.39534884 81.39534884 81.39534884 81.39534884 81.39534884
 81.39534884 81.39534884 81.39534884 81.39534884]
81.3953488372093
Best fitness so far :  81.3953488372093
Parents
[[1. 1. 1. ... 0. 1. 0.]
 [1. 0. 1. ... 1. 1. 0.]]
Crossover
[[1. 0. 1. ... 1. 1. 0.]
 [1. 1. 1. ... 0. 1. 0.]
 [1. 0. 1. ... 1. 1. 0.]
 ...
 [1. 1. 1. ... 0. 1. 0.]
 [1. 0. 1. ... 1. 1. 0.]
 [1. 1. 1. ... 0. 1. 0.]]
Mutation
[[1. 0. 1. ... 1. 1. 0.]
 [1. 1. 1. ... 0. 1. 0.]
 [1. 0. 1. ... 1. 1. 0.]
 ...
 [1. 1. 1. ... 0. 1. 0.]
 [1. 0. 1. ... 1. 1. 0.]
 [1. 1. 1. ... 0. 1. 0.]]
Fitness
[81.39534884 81.39534884 81.39534884 81.39534884 81.39534884 81.39534884
 81.39534884 81.39534884 81.39534884 81.39534884]
81.3953488372093
Best fitness so far :  81.3953488372093
Parents
[[1. 1. 1. ... 0. 1. 0.]
 [1. 0. 1. ... 1. 1. 0.]]
Crossover
[[1. 0. 1. ... 1. 1. 0.]
 [1. 1. 1. ... 0. 1. 0.]
 [1. 0. 1. ... 1. 1. 0.]
 ...
 [1. 1. 1. ... 0. 1. 0.]
 [1. 0. 1. ... 1. 1. 0.]
 [1. 1. 1. ... 0. 1. 0.]]
Mutation
[[1. 0. 1. ... 1. 1. 0.]
 [1. 1. 1. ... 0. 1. 0.]
 [1. 0. 1. ... 1. 1. 0.]
 ...
 [1. 1. 1. ... 0. 1. 0.]
 [1. 0. 1. ... 1. 1. 0.]
 [1. 1. 1. ... 0. 1. 0.]]
Fitness
[81.39534884 81.39534884 81.39534884 81.39534884 81.39534884 81.39534884
 81.39534884 81.39534884 81.39534884 81.39534884]
81.3953488372093
Best fitness so far :  81.3953488372093
Parents
[[1. 1. 1. ... 0. 1. 0.]
 [1. 0. 1. ... 1. 1. 0.]]
Crossover
[[1. 0. 1. ... 1. 1. 0.]
 [1. 1. 1. ... 0. 1. 0.]
 [1. 0. 1. ... 1. 1. 0.]
 ...
 [1. 1. 1. ... 0. 1. 0.]
 [1. 0. 1. ... 1. 1. 0.]
 [1. 1. 1. ... 0. 1. 0.]]
Mutation
[[1. 0. 1. ... 1. 1. 0.]
 [1. 1. 1. ... 0. 1. 0.]
 [1. 0. 1. ... 1. 1. 0.]
 ...
 [1. 1. 1. ... 0. 1. 0.]
 [1. 0. 1. ... 1. 1. 0.]
 [1. 1. 1. ... 0. 1. 0.]]
